# Time-averaged data for fix 22coord
# TimeStep c_sumcoor22
2000 0.0223958
4000 0.0420833
6000 0.0423958
8000 0.0591667
10000 0.0596875
12000 0.0665625
14000 0.105938
16000 0.0952083
18000 0.0913542
20000 0.083125
22000 0.0810417
24000 0.07
26000 0.0926042
28000 0.0941667
30000 0.0853125
32000 0.0686458
34000 0.0790625
36000 0.0713542
38000 0.0801042
40000 0.086875
42000 0.0895833
44000 0.0977083
46000 0.0688542
48000 0.0607292
50000 0.0623958
52000 0.0794792
54000 0.0735417
56000 0.0803125
58000 0.0575
60000 0.056875
62000 0.0853125
64000 0.0613542
66000 0.0459375
68000 0.043125
70000 0.0584375
72000 0.0676042
74000 0.0467708
76000 0.04
78000 0.0535417
80000 0.045625
82000 0.0602083
84000 0.0551042
86000 0.0403125
88000 0.0427083
90000 0.04625
92000 0.036875
94000 0.0457292
96000 0.0491667
98000 0.0644792
100000 0.0619792
102000 0.0571875
104000 0.053125
106000 0.0494792
108000 0.058125
110000 0.0623958
112000 0.0573958
114000 0.04125
116000 0.0480208
118000 0.0407292
120000 0.0444792
122000 0.0409375
124000 0.0471875
126000 0.0422917
128000 0.0404167
130000 0.0454167
132000 0.0382292
134000 0.0453125
136000 0.0485417
138000 0.0448958
140000 0.0420833
142000 0.0364583
144000 0.0428125
146000 0.039375
148000 0.0376042
150000 0.0372917
152000 0.044375
154000 0.0466667
156000 0.0385417
158000 0.0429167
160000 0.0438542
162000 0.0414583
164000 0.0411458
166000 0.0386458
168000 0.038125
170000 0.0342708
172000 0.0298958
174000 0.031875
176000 0.034375
178000 0.0355208
180000 0.0297917
182000 0.0358333
184000 0.03875
186000 0.0372917
188000 0.0358333
190000 0.0346875
192000 0.0373958
194000 0.0311458
196000 0.0376042
198000 0.0355208
200000 0.0317708
202000 0.0321875
204000 0.029375
206000 0.0395833
208000 0.0513542
210000 0.0471875
212000 0.0465625
214000 0.0466667
216000 0.0290625
218000 0.024375
220000 0.0282292
222000 0.0294792
224000 0.0248958
226000 0.0279167
228000 0.0280208
230000 0.0302083
232000 0.0313542
234000 0.0305208
236000 0.035625
238000 0.0379167
240000 0.0355208
242000 0.0327083
244000 0.03375
246000 0.0310417
248000 0.0295833
250000 0.0305208
252000 0.0246875
254000 0.0309375
256000 0.0283333
258000 0.0258333
260000 0.0242708
262000 0.0246875
264000 0.0247917
266000 0.0263542
268000 0.0263542
270000 0.0265625
272000 0.0273958
274000 0.0310417
276000 0.0305208
278000 0.0254167
280000 0.0273958
282000 0.0252083
284000 0.0251042
286000 0.0240625
288000 0.0207292
290000 0.0204167
292000 0.0184375
294000 0.021875
296000 0.0194792
298000 0.0202083
300000 0.0201042
302000 0.0211458
304000 0.0239583
306000 0.0270833
308000 0.0191667
310000 0.0211458
312000 0.0180208
314000 0.019375
316000 0.02
318000 0.0164583
320000 0.0175
322000 0.0147917
324000 0.016875
326000 0.0188542
328000 0.0203125
330000 0.0186458
332000 0.0198958
334000 0.0209375
336000 0.0160417
338000 0.0183333
340000 0.019375
342000 0.0190625
344000 0.0175
346000 0.0163542
348000 0.0175
350000 0.0159375
352000 0.0327083
354000 0.038125
356000 0.0370833
358000 0.0364583
360000 0.0167708
362000 0.0163542
364000 0.0175
366000 0.0161458
368000 0.0164583
370000 0.0148958
372000 0.015625
374000 0.016875
376000 0.0179167
378000 0.0191667
380000 0.0197917
382000 0.02
384000 0.0208333
386000 0.019375
388000 0.02
390000 0.0175
392000 0.0176042
394000 0.0186458
396000 0.0180208
398000 0.0216667
400000 0.0208333
402000 0.0215625
404000 0.0235417
406000 0.0213542
408000 0.0164583
410000 0.0166667
412000 0.019375
414000 0.0160417
416000 0.0152083
418000 0.015
420000 0.0134375
422000 0.01625
424000 0.0141667
426000 0.0152083
428000 0.0153125
430000 0.015
432000 0.0144792
434000 0.0139583
436000 0.013125
438000 0.0139583
440000 0.0157292
442000 0.0132292
444000 0.013125
446000 0.01625
448000 0.0152083
450000 0.0130208
452000 0.0104167
454000 0.011875
456000 0.0151042
458000 0.0135417
460000 0.0125
462000 0.0138542
464000 0.0141667
466000 0.0107292
468000 0.0117708
470000 0.0109375
472000 0.0115625
474000 0.0128125
476000 0.0117708
478000 0.0101042
480000 0.01375
482000 0.0120833
484000 0.011875
486000 0.0129167
488000 0.0136458
490000 0.0146875
492000 0.013125
494000 0.0129167
496000 0.0108333
498000 0.0135417
500000 0.0110417
502000 0.0125
504000 0.0125
506000 0.01
508000 0.0120833
510000 0.0129167
512000 0.0134375
514000 0.0125
516000 0.0123958
518000 0.0128125
520000 0.0147917
522000 0.0127083
524000 0.0120833
526000 0.0120833
528000 0.0114583
530000 0.013125
532000 0.0142708
534000 0.01
536000 0.0130208
538000 0.0116667
540000 0.0103125
542000 0.00947917
544000 0.0108333
546000 0.01
548000 0.0103125
550000 0.009375
552000 0.0116667
554000 0.0113542
556000 0.0114583
558000 0.0107292
560000 0.0125
562000 0.0120833
564000 0.0104167
566000 0.0084375
568000 0.0104167
570000 0.0103125
572000 0.00895833
574000 0.0096875
576000 0.0090625
578000 0.0109375
580000 0.0090625
582000 0.0103125
584000 0.0101042
586000 0.0105208
588000 0.00979167
590000 0.0084375
592000 0.0103125
594000 0.0075
596000 0.00822917
598000 0.00947917
600000 0.00895833
602000 0.006875
604000 0.00760417
606000 0.0065625
608000 0.00729167
610000 0.00677083
612000 0.00666667
614000 0.00833333
616000 0.0078125
618000 0.00677083
620000 0.00708333
622000 0.00697917
624000 0.00645833
626000 0.006875
628000 0.0065625
630000 0.00760417
632000 0.00677083
634000 0.00677083
636000 0.00645833
638000 0.00614583
640000 0.0078125
642000 0.00583333
644000 0.00625
646000 0.0065625
648000 0.00635417
650000 0.00697917
652000 0.00635417
654000 0.0053125
656000 0.0078125
658000 0.006875
660000 0.005
662000 0.00697917
664000 0.00833333
666000 0.00635417
668000 0.00802083
670000 0.00572917
672000 0.0059375
674000 0.00604167
676000 0.00645833
678000 0.00697917
680000 0.00645833
682000 0.00739583
684000 0.00614583
686000 0.00583333
688000 0.00729167
690000 0.00635417
692000 0.00708333
694000 0.0071875
696000 0.00541667
698000 0.00645833
700000 0.00604167
702000 0.00635417
704000 0.00583333
706000 0.0065625
708000 0.00635417
710000 0.00666667
712000 0.00625
714000 0.0075
716000 0.00666667
718000 0.006875
720000 0.00666667
722000 0.00604167
724000 0.00614583
726000 0.00635417
728000 0.0059375
730000 0.00677083
732000 0.00520833
734000 0.00625
736000 0.0075
738000 0.00520833
740000 0.00677083
742000 0.00739583
744000 0.0059375
746000 0.00697917
748000 0.005625
750000 0.00614583
752000 0.005
754000 0.00625
756000 0.00635417
758000 0.005625
760000 0.00541667
762000 0.00520833
764000 0.00645833
766000 0.00416667
768000 0.00583333
770000 0.005625
772000 0.0046875
774000 0.00614583
776000 0.00552083
778000 0.00552083
780000 0.00520833
782000 0.00541667
784000 0.00583333
786000 0.00572917
788000 0.00625
790000 0.00635417
792000 0.00552083
794000 0.005
796000 0.00541667
798000 0.0059375
800000 0.0053125
802000 0.0046875
804000 0.00645833
806000 0.0059375
808000 0.0053125
810000 0.00791667
812000 0.00604167
814000 0.00489583
816000 0.00427083
818000 0.00520833
820000 0.0059375
822000 0.00572917
824000 0.00572917
826000 0.00489583
828000 0.0059375
830000 0.0059375
832000 0.0034375
834000 0.00572917
836000 0.00489583
838000 0.00510417
840000 0.0059375
842000 0.00583333
844000 0.0053125
846000 0.00541667
848000 0.00791667
850000 0.00458333
852000 0.00520833
854000 0.00572917
856000 0.0071875
858000 0.00479167
860000 0.00572917
862000 0.00708333
864000 0.005625
866000 0.0059375
868000 0.00541667
870000 0.00489583
872000 0.005
874000 0.00604167
876000 0.00489583
878000 0.00625
880000 0.005625
882000 0.0053125
884000 0.00572917
886000 0.00572917
888000 0.00604167
890000 0.00604167
892000 0.00552083
894000 0.006875
896000 0.005
898000 0.00645833
900000 0.0059375
902000 0.00645833
904000 0.0059375
906000 0.006875
908000 0.0065625
910000 0.0046875
912000 0.0046875
914000 0.00479167
916000 0.00510417
918000 0.00552083
920000 0.00520833
922000 0.005625
924000 0.0059375
926000 0.006875
928000 0.00635417
930000 0.00510417
932000 0.00635417
934000 0.0078125
936000 0.00552083
938000 0.00541667
940000 0.0059375
942000 0.00625
944000 0.00864583
946000 0.00791667
948000 0.00895833
950000 0.00822917
952000 0.00833333
954000 0.0117708
956000 0.00822917
958000 0.0107292
960000 0.010625
962000 0.0120833
964000 0.0130208
966000 0.0121875
968000 0.0107292
970000 0.0115625
972000 0.0144792
974000 0.0139583
976000 0.0140625
978000 0.0136458
980000 0.01125
982000 0.0121875
984000 0.0122917
986000 0.0157292
988000 0.0185417
990000 0.0138542
992000 0.0121875
994000 0.0111458
996000 0.01625
998000 0.0177083
1000000 0.0126042
1002000 0.0126042
1004000 0.0152083
1006000 0.0114583
1008000 0.0161458
1010000 0.0245833
1012000 0.02125
1014000 0.0155208
1016000 0.0139583
1018000 0.0134375
1020000 0.0108333
1022000 0.01375
1024000 0.0135417
1026000 0.0144792
1028000 0.0127083
1030000 0.0140625
1032000 0.0123958
1034000 0.0135417
1036000 0.0140625
1038000 0.0128125
1040000 0.0141667
