# Time-averaged data for fix 12coord
# TimeStep c_sumcoor12
2000 1.32208
4000 1.31771
6000 1.31839
8000 1.30156
10000 1.28844
12000 1.3026
14000 1.26927
16000 1.24802
18000 1.27063
20000 1.27406
22000 1.26276
24000 1.26094
26000 1.25396
28000 1.25245
30000 1.27604
32000 1.3349
34000 1.32573
36000 1.32734
38000 1.32167
40000 1.29667
42000 1.29193
44000 1.2787
46000 1.32453
48000 1.33115
50000 1.33031
52000 1.31875
54000 1.29026
56000 1.30026
58000 1.34234
60000 1.31219
62000 1.29766
64000 1.3563
66000 1.34688
68000 1.33906
70000 1.33568
72000 1.32495
74000 1.35401
76000 1.34536
78000 1.33953
80000 1.34802
82000 1.34276
84000 1.33984
86000 1.3451
88000 1.34609
90000 1.35333
92000 1.35469
94000 1.35026
96000 1.36286
98000 1.35464
100000 1.36464
102000 1.36031
104000 1.33411
106000 1.32964
108000 1.34688
110000 1.34339
112000 1.35245
114000 1.35958
116000 1.35062
118000 1.34208
120000 1.35615
122000 1.37104
124000 1.36214
126000 1.36167
128000 1.36391
130000 1.36656
132000 1.36677
134000 1.37609
136000 1.37521
138000 1.37969
140000 1.36047
142000 1.35516
144000 1.35573
146000 1.3563
148000 1.36208
150000 1.35521
152000 1.37349
154000 1.37156
156000 1.36516
158000 1.36568
160000 1.36151
162000 1.3687
164000 1.37437
166000 1.38818
168000 1.36531
170000 1.3725
172000 1.37328
174000 1.36281
176000 1.36333
178000 1.36026
180000 1.36474
182000 1.36917
184000 1.37385
186000 1.37464
188000 1.3751
190000 1.36583
192000 1.37323
194000 1.36411
196000 1.37068
198000 1.35812
200000 1.35661
202000 1.36016
204000 1.35417
206000 1.34563
208000 1.33703
210000 1.3325
212000 1.33427
214000 1.34104
216000 1.36073
218000 1.35427
220000 1.35797
222000 1.34641
224000 1.34792
226000 1.35667
228000 1.35771
230000 1.35786
232000 1.36703
234000 1.37276
236000 1.36583
238000 1.35604
240000 1.35031
242000 1.35198
244000 1.3526
246000 1.34849
248000 1.34979
250000 1.34448
252000 1.36135
254000 1.34161
256000 1.35698
258000 1.3638
260000 1.36844
262000 1.36167
264000 1.35021
266000 1.36005
268000 1.35104
270000 1.34516
272000 1.35719
274000 1.36563
276000 1.33786
278000 1.34568
280000 1.34922
282000 1.3574
284000 1.36109
286000 1.35406
288000 1.34552
290000 1.33833
292000 1.34714
294000 1.33656
296000 1.33521
298000 1.33646
300000 1.34406
302000 1.34682
304000 1.3538
306000 1.36531
308000 1.34635
310000 1.34297
312000 1.34734
314000 1.34578
316000 1.34719
318000 1.33786
320000 1.33984
322000 1.33625
324000 1.34255
326000 1.35807
328000 1.3426
330000 1.33557
332000 1.34677
334000 1.34
336000 1.34333
338000 1.34682
340000 1.3476
342000 1.33807
344000 1.33844
346000 1.33807
348000 1.33552
350000 1.33865
352000 1.33302
354000 1.3325
356000 1.33651
358000 1.32281
360000 1.32844
362000 1.33766
364000 1.33719
366000 1.33729
368000 1.34979
370000 1.33953
372000 1.34026
374000 1.34464
376000 1.35229
378000 1.36052
380000 1.35807
382000 1.35359
384000 1.36271
386000 1.36115
388000 1.3476
390000 1.35484
392000 1.35437
394000 1.34078
396000 1.35068
398000 1.3626
400000 1.34766
402000 1.36583
404000 1.35391
406000 1.34958
408000 1.35005
410000 1.34995
412000 1.35276
414000 1.33974
416000 1.33646
418000 1.33797
420000 1.33719
422000 1.33641
424000 1.33745
426000 1.33792
428000 1.33594
430000 1.34448
432000 1.33714
434000 1.33995
436000 1.33922
438000 1.34901
440000 1.34781
442000 1.34568
444000 1.34188
446000 1.35156
448000 1.35812
450000 1.34885
452000 1.34755
454000 1.34937
456000 1.34745
458000 1.34917
460000 1.34948
462000 1.34786
464000 1.3476
466000 1.34802
468000 1.34891
470000 1.34807
472000 1.34745
474000 1.34974
476000 1.3599
478000 1.36083
480000 1.36042
482000 1.36062
484000 1.36057
486000 1.36052
488000 1.36026
490000 1.36016
492000 1.36078
494000 1.36328
496000 1.35927
498000 1.35922
500000 1.3588
502000 1.35969
504000 1.36047
506000 1.35896
508000 1.3587
510000 1.36016
512000 1.35927
514000 1.35818
516000 1.35964
518000 1.3599
520000 1.36026
522000 1.35995
524000 1.35917
526000 1.36016
528000 1.36177
530000 1.35854
532000 1.35464
534000 1.3475
536000 1.34714
538000 1.34766
540000 1.34854
542000 1.34792
544000 1.34781
546000 1.3474
548000 1.34786
550000 1.34708
552000 1.34995
554000 1.35974
556000 1.35094
558000 1.34703
560000 1.34682
562000 1.34865
564000 1.34719
566000 1.34818
568000 1.34771
570000 1.34771
572000 1.34693
574000 1.34875
576000 1.34682
578000 1.3475
580000 1.34786
582000 1.34948
584000 1.34812
586000 1.3487
588000 1.34781
590000 1.34885
592000 1.34708
594000 1.34906
596000 1.34797
598000 1.34812
600000 1.34812
602000 1.34865
604000 1.34625
606000 1.34677
608000 1.34839
610000 1.34682
612000 1.34922
614000 1.34802
616000 1.34932
618000 1.3475
620000 1.34734
622000 1.3476
624000 1.34786
626000 1.34719
628000 1.34781
630000 1.34854
632000 1.34693
634000 1.34807
636000 1.34813
638000 1.34781
640000 1.34844
642000 1.34839
644000 1.34849
646000 1.34833
648000 1.34875
650000 1.34854
652000 1.34943
654000 1.34818
656000 1.34807
658000 1.35005
660000 1.34792
662000 1.34802
664000 1.3487
666000 1.34776
668000 1.34885
670000 1.3476
672000 1.34781
674000 1.34682
676000 1.34708
678000 1.3488
680000 1.34839
682000 1.34896
684000 1.34812
686000 1.34839
688000 1.34859
690000 1.34875
692000 1.34984
694000 1.34995
696000 1.34755
698000 1.34859
700000 1.34693
702000 1.34776
704000 1.34849
706000 1.34797
708000 1.34927
710000 1.34813
712000 1.34813
714000 1.34807
716000 1.34859
718000 1.34823
720000 1.34792
722000 1.34807
724000 1.3488
726000 1.34901
728000 1.34745
730000 1.34901
732000 1.34792
734000 1.34802
736000 1.34943
738000 1.34797
740000 1.3476
742000 1.34802
744000 1.34875
746000 1.34885
748000 1.34812
750000 1.34865
752000 1.34745
754000 1.3501
756000 1.34833
758000 1.34911
760000 1.3487
762000 1.34917
764000 1.3487
766000 1.34818
768000 1.34891
770000 1.34807
772000 1.34953
774000 1.34807
776000 1.34823
778000 1.34927
780000 1.34911
782000 1.34885
784000 1.34911
786000 1.34937
788000 1.35005
790000 1.3501
792000 1.35036
794000 1.35031
796000 1.34859
798000 1.34896
800000 1.35125
802000 1.35208
804000 1.34969
806000 1.35047
808000 1.34974
810000 1.34859
812000 1.34943
814000 1.35073
816000 1.34974
818000 1.34995
820000 1.34896
822000 1.35073
824000 1.35005
826000 1.3501
828000 1.34896
830000 1.3487
832000 1.35094
834000 1.3499
836000 1.35214
838000 1.35073
840000 1.34979
842000 1.34969
844000 1.34964
846000 1.35016
848000 1.35198
850000 1.34958
852000 1.3501
854000 1.34922
856000 1.35057
858000 1.35052
860000 1.35146
862000 1.35062
864000 1.35161
866000 1.35052
868000 1.34948
870000 1.34927
872000 1.34885
874000 1.35031
876000 1.3499
878000 1.35089
880000 1.35115
882000 1.34958
884000 1.35021
886000 1.34932
888000 1.35141
890000 1.34901
892000 1.34891
894000 1.35219
896000 1.35026
898000 1.35031
900000 1.35031
902000 1.35203
904000 1.34943
906000 1.35109
908000 1.35187
910000 1.35109
912000 1.35245
914000 1.35219
916000 1.35172
918000 1.35365
920000 1.35328
922000 1.35141
924000 1.3525
926000 1.35411
928000 1.35312
930000 1.35375
932000 1.35396
934000 1.35615
936000 1.35578
938000 1.35557
940000 1.3562
942000 1.35635
944000 1.35797
946000 1.35729
948000 1.36089
950000 1.36135
952000 1.36052
954000 1.36161
956000 1.36328
958000 1.36411
960000 1.36385
962000 1.36458
964000 1.36458
966000 1.36458
968000 1.36458
970000 1.36458
972000 1.36458
974000 1.36458
976000 1.36458
978000 1.36458
980000 1.36458
982000 1.36458
984000 1.36458
986000 1.36458
988000 1.36458
990000 1.36458
992000 1.36458
994000 1.36453
996000 1.36438
998000 1.36458
1000000 1.36458
1002000 1.36458
1004000 1.36458
1006000 1.36458
1008000 1.36458
1010000 1.36458
1012000 1.36458
1014000 1.36458
1016000 1.36453
1018000 1.36458
1020000 1.36448
1022000 1.36458
1024000 1.36458
1026000 1.36432
1028000 1.36458
1030000 1.36458
1032000 1.36458
1034000 1.36417
1036000 1.36438
1038000 1.36458
1040000 1.36458
