# Time-averaged data for fix potential_info
# TimeStep v_apot
2000 -557.552
4000 -550.955
6000 -541.388
8000 -529.429
10000 -524.393
12000 -530.799
14000 -529.076
16000 -525.145
18000 -525.768
20000 -526.48
22000 -533.339
24000 -538.74
26000 -536.959
28000 -537.373
30000 -534.225
32000 -537.346
34000 -545.94
36000 -546.343
38000 -540.86
40000 -548.669
42000 -551.01
44000 -553.124
46000 -556.341
48000 -552.03
50000 -547.566
52000 -549.633
54000 -548.881
56000 -548.525
58000 -552.209
60000 -554.451
62000 -555.498
64000 -545.775
66000 -549.865
68000 -556.383
70000 -553.391
72000 -556.447
74000 -556.043
76000 -553.339
78000 -553.352
80000 -550.73
82000 -553.708
84000 -554.66
86000 -554.251
88000 -554.74
90000 -554.482
92000 -555.386
94000 -558.166
96000 -560.094
98000 -558.622
100000 -557.31
102000 -557.153
104000 -555.591
106000 -562.719
108000 -561.424
110000 -564.562
112000 -564.047
114000 -561.238
116000 -564.341
118000 -567.009
120000 -566.546
122000 -562.635
124000 -565.239
126000 -567.606
128000 -567.655
130000 -567.143
132000 -565.052
134000 -566.707
136000 -566.59
138000 -569.656
140000 -567.702
142000 -568.728
144000 -568.731
146000 -569.179
148000 -568.887
150000 -573.502
152000 -573.31
154000 -570.835
156000 -573.959
158000 -572.342
160000 -571.73
162000 -571.957
164000 -572.434
166000 -573.308
168000 -574.262
170000 -574.213
172000 -574.404
174000 -577.429
176000 -574.659
178000 -574.869
180000 -574.791
182000 -573.92
184000 -572.423
186000 -573.491
188000 -573.791
190000 -575.56
192000 -572.921
194000 -570.042
196000 -570.008
198000 -572.984
200000 -571.379
202000 -574.258
204000 -577.457
206000 -578.913
208000 -577.016
210000 -576.084
212000 -575.541
214000 -575.994
216000 -574.161
218000 -577.742
220000 -576.999
222000 -573.589
224000 -574.077
226000 -574.917
228000 -573.513
230000 -575.641
232000 -574.459
234000 -574.845
236000 -573.764
238000 -575.172
240000 -571.757
242000 -572.003
244000 -575.482
246000 -572.886
248000 -575.507
250000 -574.51
252000 -574.189
254000 -571.333
256000 -575.781
258000 -578.369
260000 -578.929
262000 -580.305
264000 -580.305
266000 -578.301
268000 -577.236
270000 -581.283
272000 -581.305
274000 -584.009
276000 -586.109
278000 -586.164
280000 -585.35
282000 -585.204
284000 -585.577
286000 -586.459
288000 -588.48
290000 -588.57
292000 -589.208
294000 -589.955
296000 -591.209
298000 -590.161
300000 -590.914
302000 -590.104
304000 -591.984
306000 -593.238
308000 -591.349
310000 -590.715
312000 -592.104
314000 -592.852
316000 -592.713
318000 -592.412
320000 -594.01
322000 -594.995
324000 -594.942
326000 -593.856
328000 -593.181
330000 -593.929
332000 -592.909
334000 -592.588
336000 -593.205
338000 -593.618
340000 -593.938
342000 -594.915
344000 -592.917
346000 -594.634
348000 -595.526
350000 -595.324
352000 -595.841
354000 -595.255
356000 -593.832
358000 -593.117
360000 -594.237
362000 -594.057
364000 -594.041
366000 -592.987
368000 -593.549
370000 -594.358
372000 -594.337
374000 -594.541
376000 -594.506
378000 -593.423
380000 -594.916
382000 -594.47
384000 -592.7
386000 -592.644
388000 -592.554
390000 -593.416
392000 -593.784
394000 -592.436
396000 -593.277
398000 -592.748
400000 -592.814
402000 -594.073
404000 -595.289
406000 -596.288
408000 -596.705
410000 -595.729
412000 -595.852
414000 -597.509
416000 -598.017
418000 -598.135
420000 -597.973
422000 -597.42
424000 -598.12
426000 -598.233
428000 -598.482
430000 -598.043
432000 -599.555
434000 -598.819
436000 -600.51
438000 -600.561
440000 -600.171
442000 -601.075
444000 -602.522
446000 -601.967
448000 -600.451
450000 -601.558
452000 -602.824
454000 -602.655
456000 -602.598
458000 -603.742
460000 -604.844
462000 -604.585
464000 -605.309
466000 -605.214
468000 -605.75
470000 -606.345
472000 -605.811
474000 -605.625
476000 -606.869
478000 -606.657
480000 -608.102
482000 -608.166
484000 -606.895
486000 -607.125
488000 -607.147
490000 -608.277
492000 -607.077
494000 -606.983
496000 -606.984
498000 -607.44
500000 -608.264
502000 -608.473
504000 -606.807
506000 -607.159
508000 -608.101
510000 -608.069
512000 -607.472
514000 -606.776
516000 -608.332
518000 -606.848
520000 -606.873
522000 -607.61
524000 -607.849
526000 -607.401
528000 -607.48
530000 -608.344
532000 -607.229
534000 -607.946
536000 -608.075
538000 -608.049
540000 -607.993
542000 -608.064
544000 -607.238
546000 -608.189
548000 -608.157
550000 -608.632
552000 -607.628
554000 -606.735
556000 -607.749
558000 -607.402
560000 -607.044
562000 -607.837
564000 -608.004
566000 -608.408
568000 -608.666
570000 -608.788
572000 -608.607
574000 -610.211
576000 -610.609
578000 -609.81
580000 -610.564
582000 -610.54
584000 -611.417
586000 -611.907
588000 -612.247
590000 -613.303
592000 -612.617
594000 -612.647
596000 -614.227
598000 -614.034
600000 -613.781
602000 -614.047
604000 -614.251
606000 -615.23
608000 -615.227
610000 -615.916
612000 -616.507
614000 -616.717
616000 -616.921
618000 -617.335
620000 -618.202
622000 -617.972
624000 -618.245
626000 -618.883
628000 -618.914
630000 -619.389
632000 -620.107
634000 -620.194
636000 -620.639
638000 -620.39
640000 -620.67
642000 -620.749
644000 -621.221
646000 -621.516
648000 -620.813
650000 -621.33
652000 -621.409
654000 -621.597
656000 -621.313
658000 -620.792
660000 -621.169
662000 -621.146
664000 -621.02
666000 -621.364
668000 -620.715
670000 -620.796
672000 -620.607
674000 -620.815
676000 -621.394
678000 -621.18
680000 -620.99
682000 -621.078
684000 -621.374
686000 -621.225
688000 -621.41
690000 -620.927
692000 -621.379
694000 -621.416
696000 -621.23
698000 -621.505
700000 -620.832
702000 -621.179
704000 -620.873
706000 -621.522
708000 -621.536
710000 -621.598
712000 -621.203
714000 -620.739
716000 -620.96
718000 -620.825
720000 -620.837
722000 -621.563
724000 -621.394
726000 -621.371
728000 -621.268
730000 -621.878
732000 -621.745
734000 -622.312
736000 -622.384
738000 -622.247
740000 -622.665
742000 -622.791
744000 -623.105
746000 -623.428
748000 -623.298
750000 -623.465
752000 -623.895
754000 -624.216
756000 -624.231
758000 -624.654
760000 -624.566
762000 -624.965
764000 -625.039
766000 -625.266
768000 -625.02
770000 -625.12
772000 -625.689
774000 -625.91
776000 -625.591
778000 -626.02
780000 -626.153
782000 -626.155
784000 -626.554
786000 -626.837
788000 -627.017
790000 -626.934
792000 -627.168
794000 -627.081
796000 -627.437
798000 -627.546
800000 -627.91
802000 -627.824
804000 -627.796
806000 -627.978
808000 -627.948
810000 -627.72
812000 -627.966
814000 -628.139
816000 -627.93
818000 -627.715
820000 -628.079
822000 -627.889
824000 -627.779
826000 -627.891
828000 -628.007
830000 -628.116
832000 -628.023
834000 -627.869
836000 -627.843
838000 -628.061
840000 -627.731
842000 -627.79
844000 -627.87
846000 -628.107
848000 -627.756
850000 -627.762
852000 -627.789
854000 -627.87
856000 -627.92
858000 -628.071
860000 -627.966
862000 -627.949
864000 -627.698
866000 -627.981
868000 -628.074
870000 -627.818
872000 -628.077
874000 -627.711
876000 -627.899
878000 -627.989
880000 -627.668
882000 -628.019
884000 -628.174
886000 -628.489
888000 -628.369
890000 -628.761
892000 -628.63
894000 -628.943
896000 -629.166
898000 -629.381
900000 -629.3
902000 -629.638
904000 -629.747
906000 -629.892
908000 -630.098
910000 -630.188
912000 -630.469
914000 -630.556
916000 -630.742
918000 -630.83
920000 -630.951
922000 -631.204
924000 -631.299
926000 -631.445
928000 -631.655
930000 -631.815
932000 -631.958
934000 -632.004
936000 -632.243
938000 -632.435
940000 -632.528
942000 -632.652
944000 -632.828
946000 -633.047
948000 -633.178
950000 -633.299
952000 -633.437
954000 -633.602
956000 -633.757
958000 -633.921
960000 -634.066
962000 -634.148
964000 -634.144
966000 -634.142
968000 -634.144
970000 -634.148
972000 -634.146
974000 -634.148
976000 -634.143
978000 -634.142
980000 -634.143
982000 -634.143
984000 -634.142
986000 -634.142
988000 -634.143
990000 -634.148
992000 -634.146
994000 -634.148
996000 -634.142
998000 -634.141
1000000 -634.148
1002000 -634.143
1004000 -634.144
1006000 -634.15
1008000 -634.146
1010000 -634.146
1012000 -634.146
1014000 -634.148
1016000 -634.149
1018000 -634.143
1020000 -634.143
1022000 -634.145
1024000 -634.148
1026000 -634.148
1028000 -634.144
1030000 -634.145
1032000 -634.148
1034000 -634.146
1036000 -634.142
1038000 -634.143
1040000 -634.142
