# Time-averaged data for fix 11coord
# TimeStep c_sumcoor11
2000 0
4000 0
6000 0.00145833
8000 0.003125
10000 0.000208333
12000 0.00166667
14000 0.00552083
16000 0.0103125
18000 0.0209375
20000 0.0172917
22000 0.0144792
24000 0.00645833
26000 0.0110417
28000 0.0103125
30000 0.016875
32000 0.00364583
34000 0.0009375
36000 0.0117708
38000 0.0142708
40000 0.0110417
42000 0.00583333
44000 0.00385417
46000 0.0138542
48000 0.0119792
50000 0.0189583
52000 0.0175
54000 0.01625
56000 0.0115625
58000 0.0123958
60000 0.00520833
62000 0.00958333
64000 0.0046875
66000 0.00166667
68000 0.00895833
70000 0.0152083
72000 0.0203125
74000 0.0207292
76000 0.0167708
78000 0.0090625
80000 0.00333333
82000 0.0065625
84000 0.00583333
86000 0.00635417
88000 0.00458333
90000 0.00322917
92000 0.00177083
94000 0.000625
96000 0.00385417
98000 0.0125
100000 0.00854167
102000 0.0096875
104000 0.00395833
106000 0.0078125
108000 0.00677083
110000 0.0040625
112000 0.00104167
114000 0.00489583
116000 0.00677083
118000 0.0139583
120000 0.015
122000 0.0146875
124000 0.00885417
126000 0.0040625
128000 0.0040625
130000 0.00135417
132000 0.000104167
134000 0.00270833
136000 0.000520833
138000 0.005625
140000 0.00895833
142000 0.00125
144000 0.00510417
146000 0.00166667
148000 0.00625
150000 0.00145833
152000 0.00322917
154000 0.00145833
156000 0.00333333
158000 0.00520833
160000 0
162000 0.000520833
164000 0.00489583
166000 0.0151042
168000 0.0040625
170000 0.000208333
172000 0.00375
174000 0.0003125
176000 0.00114583
178000 0.000833333
180000 0.00145833
182000 0.00635417
184000 0.0021875
186000 0.0090625
188000 0.0075
190000 0.00270833
192000 0.0028125
194000 0.003125
196000 0.000416667
198000 0
200000 0.00177083
202000 0.00114583
204000 0.00354167
206000 0.00354167
208000 0.003125
210000 0.0025
212000 0.0015625
214000 0.00208333
216000 0.0053125
218000 0.000625
220000 0.01125
222000 0.00145833
224000 0.0046875
226000 0.0102083
228000 0.0144792
230000 0.00635417
232000 0.00239583
234000 0.0009375
236000 0.00291667
238000 0.0059375
240000 0.008125
242000 0.0021875
244000 0.00166667
246000 0.00375
248000 0.0126042
250000 0.0065625
252000 0.00135417
254000 0.00489583
256000 0.00458333
258000 0.005
260000 0.00375
262000 0.00270833
264000 0.00416667
266000 0.00135417
268000 0.000833333
270000 0.00260417
272000 0.0025
274000 0.000208333
276000 0.0009375
278000 0.000520833
280000 0.00375
282000 0.000729167
284000 0.00354167
286000 0.00104167
288000 0
290000 0
292000 0.000833333
294000 0.000520833
296000 0.00145833
298000 0
300000 0
302000 0
304000 0
306000 0
308000 0
310000 0
312000 0
314000 0
316000 0
318000 0
320000 0
322000 0
324000 0
326000 0
328000 0
330000 0
332000 0
334000 0
336000 0
338000 0
340000 0
342000 0
344000 0
346000 0
348000 0
350000 0
352000 0
354000 0
356000 0
358000 0
360000 0
362000 0
364000 0
366000 0
368000 0.000416667
370000 0.000520833
372000 0
374000 0
376000 0
378000 0
380000 0
382000 0.00177083
384000 0
386000 0
388000 0
390000 0
392000 0.000208333
394000 0
396000 0
398000 0.000208333
400000 0
402000 0
404000 0
406000 0
408000 0
410000 0
412000 0
414000 0
416000 0
418000 0
420000 0
422000 0
424000 0.00104167
426000 0
428000 0
430000 0
432000 0
434000 0
436000 0
438000 0
440000 0
442000 0
444000 0.005
446000 0
448000 0
450000 0
452000 0
454000 0
456000 0
458000 0
460000 0
462000 0
464000 0
466000 0
468000 0
470000 0
472000 0
474000 0
476000 0
478000 0
480000 0
482000 0
484000 0
486000 0
488000 0
490000 0
492000 0
494000 0
496000 0
498000 0
500000 0
502000 0
504000 0
506000 0
508000 0
510000 0
512000 0
514000 0
516000 0
518000 0
520000 0
522000 0
524000 0
526000 0
528000 0
530000 0
532000 0
534000 0
536000 0
538000 0
540000 0
542000 0
544000 0
546000 0
548000 0
550000 0
552000 0
554000 0
556000 0
558000 0
560000 0
562000 0
564000 0
566000 0
568000 0
570000 0
572000 0
574000 0
576000 0
578000 0
580000 0
582000 0
584000 0
586000 0
588000 0
590000 0
592000 0
594000 0
596000 0
598000 0
600000 0
602000 0
604000 0
606000 0
608000 0
610000 0
612000 0
614000 0
616000 0
618000 0
620000 0
622000 0
624000 0
626000 0
628000 0
630000 0
632000 0
634000 0
636000 0
638000 0
640000 0
642000 0
644000 0
646000 0
648000 0
650000 0
652000 0
654000 0
656000 0
658000 0
660000 0
662000 0
664000 0
666000 0
668000 0
670000 0
672000 0
674000 0
676000 0
678000 0
680000 0
682000 0
684000 0
686000 0
688000 0
690000 0
692000 0
694000 0
696000 0
698000 0
700000 0
702000 0
704000 0
706000 0
708000 0
710000 0
712000 0
714000 0
716000 0
718000 0
720000 0
722000 0
724000 0
726000 0
728000 0
730000 0
732000 0
734000 0
736000 0
738000 0
740000 0
742000 0
744000 0
746000 0
748000 0
750000 0
752000 0
754000 0
756000 0
758000 0
760000 0
762000 0
764000 0
766000 0
768000 0
770000 0
772000 0
774000 0
776000 0
778000 0
780000 0
782000 0
784000 0
786000 0
788000 0
790000 0
792000 0
794000 0
796000 0
798000 0
800000 0
802000 0
804000 0
806000 0
808000 0
810000 0
812000 0
814000 0
816000 0
818000 0
820000 0
822000 0
824000 0
826000 0
828000 0
830000 0
832000 0
834000 0
836000 0
838000 0
840000 0
842000 0
844000 0
846000 0
848000 0
850000 0
852000 0
854000 0
856000 0
858000 0
860000 0
862000 0
864000 0
866000 0
868000 0
870000 0
872000 0
874000 0
876000 0
878000 0
880000 0
882000 0
884000 0
886000 0
888000 0
890000 0
892000 0
894000 0
896000 0
898000 0
900000 0
902000 0
904000 0
906000 0
908000 0
910000 0
912000 0
914000 0
916000 0
918000 0
920000 0
922000 0
924000 0
926000 0
928000 0
930000 0
932000 0
934000 0
936000 0
938000 0
940000 0
942000 0
944000 0
946000 0
948000 0
950000 0
952000 0
954000 0
956000 0
958000 0
960000 0
962000 0
964000 0
966000 0
968000 0
970000 0
972000 0
974000 0
976000 0
978000 0
980000 0
982000 0
984000 0
986000 0
988000 0
990000 0
992000 0
994000 0
996000 0
998000 0
1000000 0
1002000 0
1004000 0
1006000 0
1008000 0
1010000 0
1012000 0
1014000 0
1016000 0
1018000 0
1020000 0
1022000 0
1024000 0
1026000 0
1028000 0
1030000 0
1032000 0
1034000 0
1036000 0
1038000 0
1040000 0
