# Time-averaged data for fix potential_info
# TimeStep v_apot
2000 -563.829
4000 -545.705
6000 -551.515
8000 -548.502
10000 -546.373
12000 -530.926
14000 -537.042
16000 -538.221
18000 -527.742
20000 -542.13
22000 -536.073
24000 -539.895
26000 -542.603
28000 -542.249
30000 -530.426
32000 -532.543
34000 -538.871
36000 -536.053
38000 -539.48
40000 -542.366
42000 -540.272
44000 -539.503
46000 -547.922
48000 -547.132
50000 -548.527
52000 -550.64
54000 -548.306
56000 -554.067
58000 -547.774
60000 -549.236
62000 -549.631
64000 -549.264
66000 -548.476
68000 -552.816
70000 -556.247
72000 -560.282
74000 -550.001
76000 -552.201
78000 -552.539
80000 -552.916
82000 -553.798
84000 -553.231
86000 -556.851
88000 -557.866
90000 -556.56
92000 -555.58
94000 -555.806
96000 -554.149
98000 -550.772
100000 -553.722
102000 -554.388
104000 -560.467
106000 -560.444
108000 -562.398
110000 -565.587
112000 -567.638
114000 -558.045
116000 -560.401
118000 -566.773
120000 -566.956
122000 -568.508
124000 -569.736
126000 -568.2
128000 -569.41
130000 -567.376
132000 -563.563
134000 -568.089
136000 -571.145
138000 -568.275
140000 -568.809
142000 -570.092
144000 -570.762
146000 -570.496
148000 -569.693
150000 -567.337
152000 -571.022
154000 -568.252
156000 -569.113
158000 -572.238
160000 -571.165
162000 -572.245
164000 -569.124
166000 -569.653
168000 -568.395
170000 -571.532
172000 -568.486
174000 -572.325
176000 -572.989
178000 -572.066
180000 -572.15
182000 -573.649
184000 -573.146
186000 -576.563
188000 -577.839
190000 -576.579
192000 -574.86
194000 -575.065
196000 -575.867
198000 -575.315
200000 -575.759
202000 -579.327
204000 -577.296
206000 -576.12
208000 -576.864
210000 -575.298
212000 -575.777
214000 -576.583
216000 -577.001
218000 -576.391
220000 -577.038
222000 -576.074
224000 -576.272
226000 -574.319
228000 -573.217
230000 -574.769
232000 -572.415
234000 -574.728
236000 -572.78
238000 -573.107
240000 -574.724
242000 -574.271
244000 -571.564
246000 -570.037
248000 -576.11
250000 -572.539
252000 -571.453
254000 -572.19
256000 -573.61
258000 -576.595
260000 -579.011
262000 -575.518
264000 -578.546
266000 -576.011
268000 -578.266
270000 -578.456
272000 -581.53
274000 -580.195
276000 -579.488
278000 -583.124
280000 -581.637
282000 -582.252
284000 -584.271
286000 -584.454
288000 -586.37
290000 -587.623
292000 -585.466
294000 -586.31
296000 -587.676
298000 -588.163
300000 -585.544
302000 -585.81
304000 -585.942
306000 -586.119
308000 -586.743
310000 -585.081
312000 -584.709
314000 -585.326
316000 -585.486
318000 -588.332
320000 -587.365
322000 -587.581
324000 -586.242
326000 -586.52
328000 -586.814
330000 -587.925
332000 -588.572
334000 -588.952
336000 -587.814
338000 -588.076
340000 -587.988
342000 -588.98
344000 -588.692
346000 -588.411
348000 -589.156
350000 -588.661
352000 -589.105
354000 -588.634
356000 -588.012
358000 -589.113
360000 -588.636
362000 -589.16
364000 -590.553
366000 -590.154
368000 -589.883
370000 -588.927
372000 -589.74
374000 -589.544
376000 -588.778
378000 -589.35
380000 -588.846
382000 -586.916
384000 -590.079
386000 -588.952
388000 -588.097
390000 -589.832
392000 -589.934
394000 -588.34
396000 -589.498
398000 -587.671
400000 -587.902
402000 -588.086
404000 -590.303
406000 -591.149
408000 -591.901
410000 -591.463
412000 -593.578
414000 -593.061
416000 -592.27
418000 -592.74
420000 -590.825
422000 -592.219
424000 -594.203
426000 -595.306
428000 -595.519
430000 -596.195
432000 -596.759
434000 -597.737
436000 -597.315
438000 -598.104
440000 -597.194
442000 -598.171
444000 -598.654
446000 -599.659
448000 -600.813
450000 -600.606
452000 -598.369
454000 -599.783
456000 -599.617
458000 -600.826
460000 -599.779
462000 -599.867
464000 -601.513
466000 -600.667
468000 -601.299
470000 -601.903
472000 -601.964
474000 -602.579
476000 -602.164
478000 -602.923
480000 -603.768
482000 -604.243
484000 -604.608
486000 -605.135
488000 -605.304
490000 -603.437
492000 -604.024
494000 -603.504
496000 -603.819
498000 -603.702
500000 -603.787
502000 -604.086
504000 -604.682
506000 -605.232
508000 -604.014
510000 -604.094
512000 -603.812
514000 -603.785
516000 -603.97
518000 -605.031
520000 -605.37
522000 -604.013
524000 -604.789
526000 -604.976
528000 -604.342
530000 -604.668
532000 -604.881
534000 -604.329
536000 -604.703
538000 -605.307
540000 -604.408
542000 -604.414
544000 -604.3
546000 -604.981
548000 -605.228
550000 -604.478
552000 -604.764
554000 -605.536
556000 -605.599
558000 -603.662
560000 -603.872
562000 -604.257
564000 -604.835
566000 -605.859
568000 -605.013
570000 -605.353
572000 -606.416
574000 -606.737
576000 -607.039
578000 -607.863
580000 -608.193
582000 -609.063
584000 -609.482
586000 -609.389
588000 -609.598
590000 -610.654
592000 -609.872
594000 -611.328
596000 -611.723
598000 -611.037
600000 -611.912
602000 -611.605
604000 -611.733
606000 -612.877
608000 -613.599
610000 -613.01
612000 -613.237
614000 -614.471
616000 -613.924
618000 -614.992
620000 -615.327
622000 -614.979
624000 -615.237
626000 -615.554
628000 -616.24
630000 -616.675
632000 -616.699
634000 -616.969
636000 -617.357
638000 -617.391
640000 -618.194
642000 -618.337
644000 -618.276
646000 -618.552
648000 -618.862
650000 -618.308
652000 -618.06
654000 -618.088
656000 -618.419
658000 -618.672
660000 -618.536
662000 -618.51
664000 -618.41
666000 -618.795
668000 -618.167
670000 -618.492
672000 -618.355
674000 -618.63
676000 -618.685
678000 -618.393
680000 -618.144
682000 -618.314
684000 -618.663
686000 -618.772
688000 -618.622
690000 -618.124
692000 -618.208
694000 -618.349
696000 -618.845
698000 -618.571
700000 -618.935
702000 -618.83
704000 -618.941
706000 -618.588
708000 -618.72
710000 -618.41
712000 -618.447
714000 -618.159
716000 -618.315
718000 -618.434
720000 -618.297
722000 -618.531
724000 -618.959
726000 -619.22
728000 -619.369
730000 -619.215
732000 -619.532
734000 -619.47
736000 -619.97
738000 -619.813
740000 -620.344
742000 -620.076
744000 -620.237
746000 -620.737
748000 -620.656
750000 -620.93
752000 -621.419
754000 -620.98
756000 -621.046
758000 -621.402
760000 -621.691
762000 -622.009
764000 -622.227
766000 -622.317
768000 -622.267
770000 -622.242
772000 -622.681
774000 -622.634
776000 -623.039
778000 -623.237
780000 -623.471
782000 -623.511
784000 -623.809
786000 -623.724
788000 -624.012
790000 -624.144
792000 -624.506
794000 -624.681
796000 -624.58
798000 -624.824
800000 -624.816
802000 -625.12
804000 -624.898
806000 -625.14
808000 -624.952
810000 -624.89
812000 -624.953
814000 -625.18
816000 -625.043
818000 -625.168
820000 -625.111
822000 -625.085
824000 -625.123
826000 -624.995
828000 -624.888
830000 -624.827
832000 -625.19
834000 -624.952
836000 -624.919
838000 -624.936
840000 -625.202
842000 -625.151
844000 -624.876
846000 -625.008
848000 -625.204
850000 -624.881
852000 -624.794
854000 -624.96
856000 -624.95
858000 -625.219
860000 -624.937
862000 -624.855
864000 -625.096
866000 -625.007
868000 -624.999
870000 -624.925
872000 -625.103
874000 -624.926
876000 -624.832
878000 -624.877
880000 -625.133
882000 -625.012
884000 -625.263
886000 -625.49
888000 -625.759
890000 -625.805
892000 -625.987
894000 -626.157
896000 -626.15
898000 -626.298
900000 -626.399
902000 -626.69
904000 -626.74
906000 -626.893
908000 -627.054
910000 -627.248
912000 -627.512
914000 -627.73
916000 -627.806
918000 -627.93
920000 -628.139
922000 -628.206
924000 -628.417
926000 -628.632
928000 -628.769
930000 -628.971
932000 -629.031
934000 -629.13
936000 -629.299
938000 -629.438
940000 -629.592
942000 -629.775
944000 -629.946
946000 -630.091
948000 -630.246
950000 -630.399
952000 -630.571
954000 -630.731
956000 -630.864
958000 -631.051
960000 -631.199
962000 -631.278
964000 -631.273
966000 -631.272
968000 -631.278
970000 -631.277
972000 -631.276
974000 -631.276
976000 -631.275
978000 -631.274
980000 -631.277
982000 -631.274
984000 -631.275
986000 -631.272
988000 -631.272
990000 -631.276
992000 -631.279
994000 -631.28
996000 -631.276
998000 -631.273
1000000 -631.273
1002000 -631.273
1004000 -631.272
1006000 -631.274
1008000 -631.274
1010000 -631.277
1012000 -631.278
1014000 -631.277
1016000 -631.271
1018000 -631.273
1020000 -631.273
1022000 -631.273
1024000 -631.28
1026000 -631.276
1028000 -631.278
1030000 -631.277
1032000 -631.276
1034000 -631.277
1036000 -631.273
1038000 -631.273
1040000 -631.272
