# Time-averaged data for fix 12coord
# TimeStep c_sumcoor12
2000 1.32578
4000 1.30906
6000 1.28427
8000 1.27693
10000 1.27536
12000 1.27266
14000 1.30917
16000 1.36411
18000 1.33104
20000 1.33099
22000 1.32896
24000 1.32401
26000 1.32052
28000 1.34068
30000 1.34526
32000 1.3387
34000 1.32833
36000 1.32797
38000 1.35203
40000 1.3188
42000 1.33302
44000 1.3437
46000 1.32307
48000 1.34177
50000 1.34073
52000 1.32604
54000 1.34865
56000 1.34823
58000 1.33193
60000 1.3574
62000 1.31724
64000 1.32661
66000 1.33521
68000 1.36922
70000 1.36062
72000 1.36396
74000 1.36292
76000 1.35021
78000 1.35719
80000 1.35031
82000 1.35964
84000 1.365
86000 1.36089
88000 1.36885
90000 1.36464
92000 1.35708
94000 1.36052
96000 1.33089
98000 1.34505
100000 1.3488
102000 1.3463
104000 1.35177
106000 1.34927
108000 1.35109
110000 1.35313
112000 1.36125
114000 1.35531
116000 1.34307
118000 1.34359
120000 1.34302
122000 1.34833
124000 1.34297
126000 1.3638
128000 1.3599
130000 1.3451
132000 1.34073
134000 1.35677
136000 1.36812
138000 1.36594
140000 1.34729
142000 1.36448
144000 1.36708
146000 1.35948
148000 1.37349
150000 1.35781
152000 1.36177
154000 1.3426
156000 1.34708
158000 1.34464
160000 1.34833
162000 1.34516
164000 1.36125
166000 1.3674
168000 1.35854
170000 1.36292
172000 1.37479
174000 1.36792
176000 1.3626
178000 1.34693
180000 1.33396
182000 1.35078
184000 1.33885
186000 1.34693
188000 1.34422
190000 1.34276
192000 1.3426
194000 1.33729
196000 1.33557
198000 1.33651
200000 1.33813
202000 1.34349
204000 1.35151
206000 1.36146
208000 1.37427
210000 1.37984
212000 1.35057
214000 1.34474
216000 1.33547
218000 1.33943
220000 1.34141
222000 1.34807
224000 1.34443
226000 1.33255
228000 1.33354
230000 1.34401
232000 1.33672
234000 1.33927
236000 1.34
238000 1.34833
240000 1.34411
242000 1.34344
244000 1.33729
246000 1.34302
248000 1.33651
250000 1.33682
252000 1.34057
254000 1.34365
256000 1.33885
258000 1.3451
260000 1.3388
262000 1.33854
264000 1.34427
266000 1.34917
268000 1.35125
270000 1.34859
272000 1.34281
274000 1.3426
276000 1.34411
278000 1.3499
280000 1.35521
282000 1.34948
284000 1.34771
286000 1.34484
288000 1.33958
290000 1.34078
292000 1.35885
294000 1.36333
296000 1.35698
298000 1.35849
300000 1.35661
302000 1.3513
304000 1.35302
306000 1.34401
308000 1.3438
310000 1.34667
312000 1.34323
314000 1.34208
316000 1.34031
318000 1.35083
320000 1.36349
322000 1.35062
324000 1.34432
326000 1.34818
328000 1.34479
330000 1.3537
332000 1.36693
334000 1.3549
336000 1.34943
338000 1.33995
340000 1.35099
342000 1.35786
344000 1.36161
346000 1.36146
348000 1.36406
350000 1.38229
352000 1.36036
354000 1.35448
356000 1.35943
358000 1.36156
360000 1.35375
362000 1.36078
364000 1.35396
366000 1.37635
368000 1.38307
370000 1.39536
372000 1.38021
374000 1.37302
376000 1.39411
378000 1.38021
380000 1.37422
382000 1.3912
384000 1.39526
386000 1.38781
388000 1.38187
390000 1.3863
392000 1.38828
394000 1.3863
396000 1.3676
398000 1.38911
400000 1.37672
402000 1.37495
404000 1.3751
406000 1.39557
408000 1.39776
410000 1.39
412000 1.38589
414000 1.3801
416000 1.36943
418000 1.36771
420000 1.37432
422000 1.36401
424000 1.36672
426000 1.37276
428000 1.3625
430000 1.36109
432000 1.37005
434000 1.37167
436000 1.36365
438000 1.37172
440000 1.37083
442000 1.38229
444000 1.38672
446000 1.3838
448000 1.37661
450000 1.37365
452000 1.37698
454000 1.36323
456000 1.36958
458000 1.3651
460000 1.3651
462000 1.3862
464000 1.38312
466000 1.38391
468000 1.38646
470000 1.38094
472000 1.37828
474000 1.39115
476000 1.40026
478000 1.39792
480000 1.39208
482000 1.39948
484000 1.38547
486000 1.38568
488000 1.38516
490000 1.38854
492000 1.39344
494000 1.38062
496000 1.38172
498000 1.37932
500000 1.37469
502000 1.36766
504000 1.36802
506000 1.37062
508000 1.35656
510000 1.36026
512000 1.35859
514000 1.35781
516000 1.35677
518000 1.36786
520000 1.38365
522000 1.37161
524000 1.3701
526000 1.36927
528000 1.36609
530000 1.35594
532000 1.36693
534000 1.36729
536000 1.36677
538000 1.36594
540000 1.36729
542000 1.36661
544000 1.37646
546000 1.36365
548000 1.36016
550000 1.355
552000 1.35635
554000 1.3576
556000 1.35651
558000 1.35349
560000 1.34568
562000 1.35333
564000 1.35792
566000 1.35443
568000 1.34276
570000 1.34599
572000 1.3451
574000 1.35495
576000 1.36224
578000 1.36844
580000 1.36995
582000 1.36885
584000 1.3675
586000 1.36672
588000 1.36891
590000 1.37115
592000 1.3688
594000 1.36844
596000 1.36151
598000 1.35734
600000 1.36141
602000 1.35797
604000 1.34932
606000 1.3501
608000 1.34969
610000 1.34724
612000 1.34839
614000 1.34693
616000 1.34703
618000 1.34802
620000 1.34766
622000 1.34766
624000 1.34953
626000 1.34651
628000 1.34724
630000 1.34818
632000 1.34932
634000 1.36281
636000 1.36495
638000 1.36396
640000 1.36385
642000 1.36594
644000 1.3651
646000 1.3649
648000 1.36682
650000 1.36359
652000 1.36281
654000 1.36302
656000 1.36437
658000 1.3674
660000 1.36453
662000 1.36339
664000 1.36333
666000 1.36474
668000 1.36318
670000 1.36333
672000 1.36359
674000 1.36682
676000 1.3649
678000 1.36307
680000 1.36479
682000 1.3649
684000 1.36375
686000 1.3626
688000 1.36521
690000 1.36568
692000 1.36438
694000 1.36495
696000 1.36469
698000 1.36453
700000 1.36646
702000 1.36443
704000 1.36208
706000 1.36542
708000 1.36609
710000 1.36193
712000 1.36344
714000 1.36578
716000 1.36333
718000 1.36391
720000 1.37047
722000 1.37495
724000 1.37578
726000 1.37578
728000 1.37474
730000 1.37469
732000 1.37807
734000 1.37266
736000 1.37464
738000 1.37516
740000 1.37698
742000 1.37375
744000 1.37589
746000 1.37406
748000 1.37573
750000 1.37609
752000 1.37667
754000 1.37708
756000 1.37589
758000 1.37573
760000 1.38177
762000 1.38807
764000 1.38635
766000 1.38547
768000 1.38651
770000 1.38979
772000 1.3875
774000 1.38656
776000 1.38953
778000 1.38823
780000 1.38734
782000 1.38828
784000 1.38635
786000 1.39
788000 1.38833
790000 1.3888
792000 1.3874
794000 1.38979
796000 1.38771
798000 1.38974
800000 1.38938
802000 1.38776
804000 1.39016
806000 1.39078
808000 1.38953
810000 1.38875
812000 1.38953
814000 1.38813
816000 1.38729
818000 1.38844
820000 1.38766
822000 1.38849
824000 1.39
826000 1.39036
828000 1.38839
830000 1.39005
832000 1.38969
834000 1.38984
836000 1.38948
838000 1.39068
840000 1.3899
842000 1.38703
844000 1.39224
846000 1.38828
848000 1.39328
850000 1.39104
852000 1.39021
854000 1.38849
856000 1.38937
858000 1.38688
860000 1.39005
862000 1.39167
864000 1.38958
866000 1.38948
868000 1.38854
870000 1.38771
872000 1.39073
874000 1.38729
876000 1.38703
878000 1.38969
880000 1.38995
882000 1.38938
884000 1.38995
886000 1.38802
888000 1.39005
890000 1.38969
892000 1.39052
894000 1.39068
896000 1.39255
898000 1.3913
900000 1.39078
902000 1.39031
904000 1.38797
906000 1.39292
908000 1.39031
910000 1.39073
912000 1.39474
914000 1.39141
916000 1.39516
918000 1.39266
920000 1.39339
922000 1.39359
924000 1.39307
926000 1.39385
928000 1.39557
930000 1.39536
932000 1.39625
934000 1.39589
936000 1.39542
938000 1.39453
940000 1.39641
942000 1.39542
944000 1.39521
946000 1.39484
948000 1.39583
950000 1.39573
952000 1.39547
954000 1.39776
956000 1.39635
958000 1.39583
960000 1.39583
962000 1.39583
964000 1.39583
966000 1.39583
968000 1.39583
970000 1.39583
972000 1.39583
974000 1.39583
976000 1.39583
978000 1.39583
980000 1.39583
982000 1.39583
984000 1.39583
986000 1.39583
988000 1.39583
990000 1.39583
992000 1.39583
994000 1.39583
996000 1.39583
998000 1.39583
1000000 1.39583
1002000 1.39583
1004000 1.39583
1006000 1.39583
1008000 1.39583
1010000 1.39583
1012000 1.39583
1014000 1.39583
1016000 1.39583
1018000 1.39583
1020000 1.39583
1022000 1.39583
1024000 1.39583
1026000 1.39583
1028000 1.39583
1030000 1.39583
1032000 1.39583
1034000 1.39583
1036000 1.39583
1038000 1.39583
1040000 1.39583
