# Time-averaged data for fix 22coord
# TimeStep c_sumcoor22
2000 0.0213542
4000 0.0345833
6000 0.0546875
8000 0.0563542
10000 0.0533333
12000 0.0730208
14000 0.0711458
16000 0.0788542
18000 0.068125
20000 0.051875
22000 0.0471875
24000 0.0601042
26000 0.0602083
28000 0.102917
30000 0.0963542
32000 0.0657292
34000 0.05875
36000 0.0508333
38000 0.05625
40000 0.0598958
42000 0.0660417
44000 0.0592708
46000 0.0654167
48000 0.07
50000 0.0670833
52000 0.0663542
54000 0.0711458
56000 0.084375
58000 0.076875
60000 0.0733333
62000 0.06375
64000 0.0614583
66000 0.06
68000 0.0659375
70000 0.0638542
72000 0.05375
74000 0.0483333
76000 0.04875
78000 0.0461458
80000 0.0540625
82000 0.0620833
84000 0.0596875
86000 0.0702083
88000 0.0551042
90000 0.0686458
92000 0.0572917
94000 0.0436458
96000 0.053125
98000 0.07125
100000 0.0678125
102000 0.0621875
104000 0.0501042
106000 0.0434375
108000 0.04375
110000 0.040625
112000 0.0413542
114000 0.0410417
116000 0.0459375
118000 0.0475
120000 0.041875
122000 0.05
124000 0.0525
126000 0.0533333
128000 0.070625
130000 0.0507292
132000 0.0397917
134000 0.0577083
136000 0.0566667
138000 0.0613542
140000 0.0522917
142000 0.0513542
144000 0.046875
146000 0.0328125
148000 0.0354167
150000 0.0373958
152000 0.0319792
154000 0.0319792
156000 0.0346875
158000 0.0366667
160000 0.0386458
162000 0.0320833
164000 0.0328125
166000 0.0352083
168000 0.0369792
170000 0.0354167
172000 0.0377083
174000 0.0347917
176000 0.0314583
178000 0.0371875
180000 0.0351042
182000 0.0315625
184000 0.02875
186000 0.0305208
188000 0.0271875
190000 0.0298958
192000 0.0270833
194000 0.0271875
196000 0.0272917
198000 0.0304167
200000 0.0263542
202000 0.0277083
204000 0.0267708
206000 0.0259375
208000 0.0259375
210000 0.0308333
212000 0.0303125
214000 0.0267708
216000 0.0298958
218000 0.0369792
220000 0.0286458
222000 0.0298958
224000 0.0304167
226000 0.0357292
228000 0.0259375
230000 0.0230208
232000 0.0286458
234000 0.026875
236000 0.0260417
238000 0.0259375
240000 0.02375
242000 0.0254167
244000 0.0270833
246000 0.025
248000 0.0221875
250000 0.0233333
252000 0.0228125
254000 0.021875
256000 0.0235417
258000 0.0219792
260000 0.0244792
262000 0.0217708
264000 0.023125
266000 0.0272917
268000 0.0277083
270000 0.0271875
272000 0.0254167
274000 0.0241667
276000 0.0259375
278000 0.0232292
280000 0.0180208
282000 0.019375
284000 0.0220833
286000 0.0216667
288000 0.01875
290000 0.0167708
292000 0.0191667
294000 0.0161458
296000 0.0191667
298000 0.0152083
300000 0.0208333
302000 0.0166667
304000 0.0171875
306000 0.0189583
308000 0.015
310000 0.0163542
312000 0.014375
314000 0.0133333
316000 0.0133333
318000 0.0126042
320000 0.0139583
322000 0.0139583
324000 0.0121875
326000 0.0141667
328000 0.0136458
330000 0.0128125
332000 0.0151042
334000 0.0154167
336000 0.0176042
338000 0.014375
340000 0.0158333
342000 0.0165625
344000 0.0134375
346000 0.0141667
348000 0.0125
350000 0.0141667
352000 0.0144792
354000 0.0157292
356000 0.013125
358000 0.0110417
360000 0.0110417
362000 0.0125
364000 0.01375
366000 0.0123958
368000 0.0139583
370000 0.0140625
372000 0.0138542
374000 0.0102083
376000 0.0120833
378000 0.013125
380000 0.0134375
382000 0.0138542
384000 0.0132292
386000 0.01625
388000 0.0127083
390000 0.0148958
392000 0.0145833
394000 0.0132292
396000 0.0123958
398000 0.0127083
400000 0.0123958
402000 0.0147917
404000 0.0129167
406000 0.01375
408000 0.0126042
410000 0.0102083
412000 0.0128125
414000 0.01375
416000 0.00947917
418000 0.0116667
420000 0.0126042
422000 0.0103125
424000 0.0121875
426000 0.0119792
428000 0.00979167
430000 0.0114583
432000 0.0104167
434000 0.01125
436000 0.0111458
438000 0.0101042
440000 0.0108333
442000 0.0110417
444000 0.00885417
446000 0.00979167
448000 0.00770833
450000 0.0101042
452000 0.0102083
454000 0.0096875
456000 0.00822917
458000 0.0078125
460000 0.00604167
462000 0.00583333
464000 0.00708333
466000 0.0059375
468000 0.006875
470000 0.00708333
472000 0.00604167
474000 0.00614583
476000 0.00552083
478000 0.00583333
480000 0.00552083
482000 0.0065625
484000 0.00677083
486000 0.00583333
488000 0.00583333
490000 0.00489583
492000 0.005
494000 0.00541667
496000 0.00864583
498000 0.00677083
500000 0.00604167
502000 0.00697917
504000 0.0075
506000 0.0046875
508000 0.00666667
510000 0.00604167
512000 0.005625
514000 0.004375
516000 0.00791667
518000 0.00635417
520000 0.0053125
522000 0.0065625
524000 0.00697917
526000 0.005625
528000 0.0053125
530000 0.00635417
532000 0.00572917
534000 0.00739583
536000 0.00645833
538000 0.0059375
540000 0.0053125
542000 0.00729167
544000 0.00541667
546000 0.00479167
548000 0.00625
550000 0.00604167
552000 0.00458333
554000 0.005
556000 0.00552083
558000 0.00520833
560000 0.00541667
562000 0.00697917
564000 0.00510417
566000 0.0059375
568000 0.005625
570000 0.00447917
572000 0.005
574000 0.00520833
576000 0.00489583
578000 0.00416667
580000 0.0053125
582000 0.0053125
584000 0.00416667
586000 0.005
588000 0.00395833
590000 0.00364583
592000 0.00510417
594000 0.00427083
596000 0.0040625
598000 0.0040625
600000 0.00333333
602000 0.00375
604000 0.00395833
606000 0.00239583
608000 0.00270833
610000 0.0034375
612000 0.00375
614000 0.00322917
616000 0.00270833
618000 0.00322917
620000 0.00322917
622000 0.00208333
624000 0.003125
626000 0.00291667
628000 0.00260417
630000 0.0021875
632000 0.0025
634000 0.00197917
636000 0.00197917
638000 0.001875
640000 0.0021875
642000 0.00145833
644000 0.0028125
646000 0.00302083
648000 0.00270833
650000 0.00239583
652000 0.0021875
654000 0.00239583
656000 0.00302083
658000 0.001875
660000 0.00135417
662000 0.00239583
664000 0.00208333
666000 0.00177083
668000 0.00239583
670000 0.0021875
672000 0.00197917
674000 0.00166667
676000 0.001875
678000 0.00197917
680000 0.001875
682000 0.00197917
684000 0.00239583
686000 0.00302083
688000 0.00260417
690000 0.00208333
692000 0.00208333
694000 0.0021875
696000 0.00166667
698000 0.00302083
700000 0.0021875
702000 0.00270833
704000 0.0025
706000 0.00260417
708000 0.00229167
710000 0.00239583
712000 0.00145833
714000 0.001875
716000 0.00395833
718000 0.00260417
720000 0.0021875
722000 0.0021875
724000 0.001875
726000 0.0025
728000 0.00229167
730000 0.00208333
732000 0.00239583
734000 0.00197917
736000 0.00177083
738000 0.00125
740000 0.00114583
742000 0.00302083
744000 0.00208333
746000 0.00145833
748000 0.0021875
750000 0.00197917
752000 0.0025
754000 0.00177083
756000 0.00166667
758000 0.00197917
760000 0.00239583
762000 0.00145833
764000 0.0021875
766000 0.00114583
768000 0.00104167
770000 0.00125
772000 0.00145833
774000 0.001875
776000 0.00145833
778000 0.00177083
780000 0.00177083
782000 0.00239583
784000 0.00135417
786000 0.00177083
788000 0.00177083
790000 0.00135417
792000 0.00125
794000 0.0015625
796000 0.00114583
798000 0.00114583
800000 0.00125
802000 0.00104167
804000 0.00197917
806000 0.00125
808000 0.0009375
810000 0.00104167
812000 0.00166667
814000 0.00135417
816000 0.00135417
818000 0.00135417
820000 0.000625
822000 0.00114583
824000 0.0009375
826000 0.001875
828000 0.00114583
830000 0.0009375
832000 0.00125
834000 0.00104167
836000 0.00177083
838000 0.00145833
840000 0.00104167
842000 0.00104167
844000 0.00125
846000 0.000729167
848000 0.00135417
850000 0.00125
852000 0.00135417
854000 0.00135417
856000 0.000625
858000 0.001875
860000 0.0015625
862000 0.00135417
864000 0.000625
866000 0.00104167
868000 0.00125
870000 0.00104167
872000 0.00114583
874000 0.00145833
876000 0.00145833
878000 0.00166667
880000 0.00104167
882000 0.0015625
884000 0.00145833
886000 0.00125
888000 0.000833333
890000 0.00177083
892000 0.000520833
894000 0.00145833
896000 0.000833333
898000 0.0009375
900000 0.000833333
902000 0.000833333
904000 0.0009375
906000 0.000729167
908000 0.000625
910000 0.0009375
912000 0.00125
914000 0.000416667
916000 0.000520833
918000 0.00104167
920000 0.000208333
922000 0.000625
924000 0.00114583
926000 0.000416667
928000 0.000833333
930000 0.0003125
932000 0.000416667
934000 0.000833333
936000 0.0003125
938000 0.0003125
940000 0.000416667
942000 0.0003125
944000 0.00104167
946000 0.0003125
948000 0.000520833
950000 0.000416667
952000 0.000208333
954000 0.0003125
956000 0.0003125
958000 0.000104167
960000 0.000104167
962000 0
964000 0
966000 0
968000 0
970000 0
972000 0
974000 0.000104167
976000 0.000104167
978000 0.000208333
980000 0
982000 0
984000 0
986000 0
988000 0.000104167
990000 0
992000 0.000208333
994000 0.000104167
996000 0.000104167
998000 0.000104167
1000000 0
1002000 0
1004000 0
1006000 0
1008000 0.000104167
1010000 0
1012000 0.000104167
1014000 0.000104167
1016000 0
1018000 0
1020000 0
1022000 0.000104167
1024000 0.000104167
1026000 0
1028000 0.000208333
1030000 0
1032000 0
1034000 0.000104167
1036000 0.0003125
1038000 0
1040000 0.000104167
