# Time-averaged data for fix potential_info
# TimeStep v_apot
2000 -567.11
4000 -548.899
6000 -539.566
8000 -533.38
10000 -532.22
12000 -528.647
14000 -535.697
16000 -538.177
18000 -544.274
20000 -546.782
22000 -545.308
24000 -541.748
26000 -535.125
28000 -529.47
30000 -534.83
32000 -542.567
34000 -546.057
36000 -538.573
38000 -550.061
40000 -550.326
42000 -545.67
44000 -543.521
46000 -547.207
48000 -549.543
50000 -549.835
52000 -546.732
54000 -547.428
56000 -547.092
58000 -546.31
60000 -547.966
62000 -548.499
64000 -549.816
66000 -547.625
68000 -548.336
70000 -546.814
72000 -552.804
74000 -553.305
76000 -559.142
78000 -559.247
80000 -558.215
82000 -549.508
84000 -553.777
86000 -551.355
88000 -554.488
90000 -555.456
92000 -554.076
94000 -551.193
96000 -555.242
98000 -548.3
100000 -557.861
102000 -557.087
104000 -559.727
106000 -562.954
108000 -561.358
110000 -563.768
112000 -561.732
114000 -566.334
116000 -568.035
118000 -561.114
120000 -568.266
122000 -564.458
124000 -558.824
126000 -565.844
128000 -564.369
130000 -566.592
132000 -568.922
134000 -564.862
136000 -565.296
138000 -563.397
140000 -561.629
142000 -565.051
144000 -570.901
146000 -576.056
148000 -571.419
150000 -571.187
152000 -572.571
154000 -572.303
156000 -571.689
158000 -569.665
160000 -573.687
162000 -579.024
164000 -574.756
166000 -574.083
168000 -576.595
170000 -571.291
172000 -572.094
174000 -573.408
176000 -571.918
178000 -570.345
180000 -572.451
182000 -574.56
184000 -574.184
186000 -573.544
188000 -573.519
190000 -574.821
192000 -575.868
194000 -575.151
196000 -575.543
198000 -575.978
200000 -575.639
202000 -578.657
204000 -575.055
206000 -575.694
208000 -573.954
210000 -571.515
212000 -571.555
214000 -574.649
216000 -573.905
218000 -573.208
220000 -572.399
222000 -574.037
224000 -573.595
226000 -573.416
228000 -574.937
230000 -576.779
232000 -577.61
234000 -578.371
236000 -578.642
238000 -578.467
240000 -579.056
242000 -578.641
244000 -577.475
246000 -579.115
248000 -580.776
250000 -581.133
252000 -581.081
254000 -581.381
256000 -583.328
258000 -584.051
260000 -580.739
262000 -581.119
264000 -580.193
266000 -579.962
268000 -580.439
270000 -581.834
272000 -582.707
274000 -582.759
276000 -583.261
278000 -584.804
280000 -585.073
282000 -584.792
284000 -585.056
286000 -584.779
288000 -586.236
290000 -586.655
292000 -586.431
294000 -586.411
296000 -586.597
298000 -588.135
300000 -587.225
302000 -590.538
304000 -589.439
306000 -589.197
308000 -591.581
310000 -592.721
312000 -592.206
314000 -593.447
316000 -593.727
318000 -593.123
320000 -594.305
322000 -592.803
324000 -593.974
326000 -593.129
328000 -593.008
330000 -594.037
332000 -591.991
334000 -592.877
336000 -592.454
338000 -592.914
340000 -591.87
342000 -591.097
344000 -592.988
346000 -592.288
348000 -592.683
350000 -592.084
352000 -592.204
354000 -593.08
356000 -591.7
358000 -592.804
360000 -592.104
362000 -591.752
364000 -593.442
366000 -592.869
368000 -593.062
370000 -594.289
372000 -594.467
374000 -594.258
376000 -592.306
378000 -594.099
380000 -594.143
382000 -592.965
384000 -594.249
386000 -593.257
388000 -593.575
390000 -592.763
392000 -593.008
394000 -592.646
396000 -592.283
398000 -592.696
400000 -593.791
402000 -593.234
404000 -594.364
406000 -594.224
408000 -594.791
410000 -595.102
412000 -594.233
414000 -595.862
416000 -596.148
418000 -595.213
420000 -595.742
422000 -595.617
424000 -596.132
426000 -596.315
428000 -596.946
430000 -598.956
432000 -597.447
434000 -598.472
436000 -599.247
438000 -599.197
440000 -598.808
442000 -598.902
444000 -600.667
446000 -601.035
448000 -602.03
450000 -602.068
452000 -601.651
454000 -601.767
456000 -603.217
458000 -604.665
460000 -603.857
462000 -603.557
464000 -603.884
466000 -605.122
468000 -605.231
470000 -605.105
472000 -605.868
474000 -605.674
476000 -606.09
478000 -607.022
480000 -607.368
482000 -606.196
484000 -606.477
486000 -606.824
488000 -607.881
490000 -608.448
492000 -606.858
494000 -607.384
496000 -607.075
498000 -607.881
500000 -608.029
502000 -607.213
504000 -606.736
506000 -606.996
508000 -607.993
510000 -607.338
512000 -608.638
514000 -607.383
516000 -606.854
518000 -607.089
520000 -607.842
522000 -607.845
524000 -607.796
526000 -608.173
528000 -607.675
530000 -607.986
532000 -607.728
534000 -607.077
536000 -606.79
538000 -606.894
540000 -607.286
542000 -607.087
544000 -607.478
546000 -608.334
548000 -607.011
550000 -607.729
552000 -607.374
554000 -608.319
556000 -606.939
558000 -608.383
560000 -607.352
562000 -607.214
564000 -608.647
566000 -608.434
568000 -608.705
570000 -609.432
572000 -609.936
574000 -609.826
576000 -610.211
578000 -609.645
580000 -610.121
582000 -610.346
584000 -611.019
586000 -611.292
588000 -612.644
590000 -612.129
592000 -612.333
594000 -613.639
596000 -612.989
598000 -613.407
600000 -613.585
602000 -614.563
604000 -614.691
606000 -615.856
608000 -615.674
610000 -615.873
612000 -616.231
614000 -616.73
616000 -617.554
618000 -616.849
620000 -618.046
622000 -618.216
624000 -618.071
626000 -618.524
628000 -618.756
630000 -619.318
632000 -619.754
634000 -619.535
636000 -620.603
638000 -621.069
640000 -621.484
642000 -621.558
644000 -621.767
646000 -621.197
648000 -621.114
650000 -621.287
652000 -621.115
654000 -621.148
656000 -621.425
658000 -621.29
660000 -621.218
662000 -621.692
664000 -621.211
666000 -621.167
668000 -621.155
670000 -621.826
672000 -621.069
674000 -621.446
676000 -621.069
678000 -621.578
680000 -621.423
682000 -621.19
684000 -621.267
686000 -621.662
688000 -620.97
690000 -621.28
692000 -621.823
694000 -621.253
696000 -621.62
698000 -621.28
700000 -621.164
702000 -621.022
704000 -621.616
706000 -620.987
708000 -621.742
710000 -621.153
712000 -621.608
714000 -621.647
716000 -621.572
718000 -621.413
720000 -621.137
722000 -621.27
724000 -621.877
726000 -621.706
728000 -622.073
730000 -622.481
732000 -622.501
734000 -622.743
736000 -622.44
738000 -622.745
740000 -623.07
742000 -623.177
744000 -623.121
746000 -623.426
748000 -623.705
750000 -624.045
752000 -624.007
754000 -624.334
756000 -624.704
758000 -624.408
760000 -624.764
762000 -624.776
764000 -624.757
766000 -625.099
768000 -625.084
770000 -625.607
772000 -625.837
774000 -625.61
776000 -625.771
778000 -626.269
780000 -626.309
782000 -626.337
784000 -626.464
786000 -626.637
788000 -627.171
790000 -627.356
792000 -627.357
794000 -627.52
796000 -627.483
798000 -628.011
800000 -628.021
802000 -627.929
804000 -627.853
806000 -628.227
808000 -628.018
810000 -628.229
812000 -628.052
814000 -628.032
816000 -627.845
818000 -628.094
820000 -628.182
822000 -627.883
824000 -627.99
826000 -628.152
828000 -628.172
830000 -628.208
832000 -628.195
834000 -628.033
836000 -628.01
838000 -627.997
840000 -628.221
842000 -627.898
844000 -627.906
846000 -628.263
848000 -628.083
850000 -627.977
852000 -628.191
854000 -628.024
856000 -628.037
858000 -627.906
860000 -627.853
862000 -627.877
864000 -628.053
866000 -627.885
868000 -628.152
870000 -628.03
872000 -627.859
874000 -627.951
876000 -627.867
878000 -627.954
880000 -628.159
882000 -628.011
884000 -628.21
886000 -628.581
888000 -628.753
890000 -628.572
892000 -628.959
894000 -629.081
896000 -629.287
898000 -629.253
900000 -629.672
902000 -629.658
904000 -629.816
906000 -630.164
908000 -630.143
910000 -630.22
912000 -630.581
914000 -630.796
916000 -630.821
918000 -630.914
920000 -631.217
922000 -631.271
924000 -631.376
926000 -631.617
928000 -631.803
930000 -631.877
932000 -632.058
934000 -632.257
936000 -632.347
938000 -632.497
940000 -632.634
942000 -632.774
944000 -632.933
946000 -633.087
948000 -633.248
950000 -633.392
952000 -633.554
954000 -633.715
956000 -633.873
958000 -634.035
960000 -634.184
962000 -634.266
964000 -634.261
966000 -634.262
968000 -634.264
970000 -634.267
972000 -634.262
974000 -634.261
976000 -634.26
978000 -634.262
980000 -634.268
982000 -634.265
984000 -634.263
986000 -634.262
988000 -634.261
990000 -634.26
992000 -634.266
994000 -634.265
996000 -634.266
998000 -634.264
1000000 -634.263
1002000 -634.266
1004000 -634.262
1006000 -634.26
1008000 -634.266
1010000 -634.267
1012000 -634.261
1014000 -634.26
1016000 -634.262
1018000 -634.26
1020000 -634.262
1022000 -634.261
1024000 -634.259
1026000 -634.262
1028000 -634.263
1030000 -634.262
1032000 -634.264
1034000 -634.265
1036000 -634.267
1038000 -634.265
1040000 -634.261
