2 10.6527 3.09906 10.864
2 5.48852 8.86462 10.9651
2 11.5042 10.6173 3.15958
2 2.47694 1.33828 7.49357
2 4.27695 5.46665 10.1296
2 9.51505 3.71251 3.75599
2 4.70263 7.92967 9.16122
2 7.56464 2.49813 5.17381
2 5.88541 9.1643 7.76356
2 7.41537 7.27424 4.04419
2 11.3945 5.58253 10.4224
2 2.67636 3.66371 10.9312
2 1.19414 4.65626 1.72129
2 8.39405 5.87054 8.33437
2 3.42459 9.63018 6.96308
2 8.68086 6.99132 6.70346
2 2.85108 4.78159 4.02464
2 1.11706 9.5348 8.34478
2 2.30226 2.14922 4.39281
2 9.43007 9.28052 7.64145
2 10.0707 7.45723 9.33326
2 4.09661 2.54889 9.08245
2 2.49757 7.08311 2.04502
2 10.3273 11.4512 1.04992
2 2.35457 1.12482 10.6849
2 7.52006 8.04735 9.66789
2 6.99391 8.37571 2.053
2 1.44235 10.5585 5.71332
2 4.43286 9.01455 2.37428
2 8.17349 5.7601 11.011
2 4.70106 2.11341 11.8048
2 4.05266 3.42471 6.22055
2 8.29089 9.06668 5.03838
2 4.93663 1.04626 7.05046
2 6.6169 9.93993 3.54036
2 9.29722 5.66235 5.32664
2 9.10219 10.2599 9.57596
2 7.86348 1.48009 7.71412
2 10.7396 5.62838 7.74029
2 1.96917 9.91558 1.56061
2 10.7221 8.20382 5.75821
2 9.21822 5.64901 2.46197
2 5.3843 3.94994 1.12191
2 11.1835 9.56374 10.4217
2 6.38203 3.80862 7.11934
2 4.60931 5.91094 7.45619
2 8.65013 3.35677 1.26653
2 9.12587 1.23247 3.52302
2 11.423 6.12268 3.79506
2 5.32494 9.85502 5.07284
2 5.56531 5.29523 4.97703
2 3.13699 5.07426 1.49762
2 4.72008 3.14237 3.57638
2 6.9555 5.12689 2.41418
2 8.28382 1.80749 10.3878
2 5.12024 1.01769 2.46239
2 2.13464 8.54371 3.81635
2 7.11091 2.74573 2.5402
2 5.25917 6.5944 1.32022
2 6.56721 10.4082 9.43113
2 3.46994 10.3485 4.15282
2 2.37882 6.84421 8.7166
2 8.89261 3.85708 6.94303
2 9.157 9.386 2.72906
1 1.97604 10.3461 7.22947
1 9.18482 8.4559 6.25997
1 1.20308 10.7327 11.4141
1 7.79034 8.79635 3.46199
1 11.3915 6.40188 9.03123
1 7.65561 2.82036 6.78226
1 3.86023 2.22504 7.46376
1 9.29283 5.45215 6.98132
1 8.27795 2.6053 3.69514
1 2.77577 8.69065 2.32325
1 4.53487 5.27706 11.7471
1 7.89303 11.3177 9.19586
1 9.9426 5.30398 3.88039
1 9.98826 10.7889 2.57799
1 5.47798 2.63646 2.1792
1 3.42155 3.32748 4.58549
1 8.51004 6.75462 9.71459
1 5.51791 8.19743 1.37075
1 1.18624 4.2348 11.2407
1 2.12057 5.57691 2.75062
1 4.98703 10.0057 6.67426
1 4.98208 10.2393 3.43391
1 6.085 8.81669 9.40368
1 1.14066 7.5725 4.64454
1 2.01906 11.0847 4.29
1 8.22863 4.94713 1.36815
1 10.2484 9.15507 9.09822
1 5.17723 4.71422 6.48349
1 9.44069 2.20517 11.4714
1 3.98892 6.48901 8.8618
1 3.51963 2.29882 10.6316
1 6.58815 5.8818 3.82412
2 6.6885 6.61303 2.85615
2 7.32447 7.25858 7.18945
2 6.6379 8.23325 11.3205
2 4.3152 1.24757 9.32139
2 4.37728 5.64601 11.828
2 10.2304 4.17593 7.11478
2 9.22325 4.04152 11.8907
2 7.16129 7.33183 5.01624
2 5.75365 4.55309 4.28517
2 3.68663 3.27693 1.95368
2 4.12803 8.33295 11.0417
2 10.8088 6.16257 11.4602
2 1.29554 8.53573 6.68163
2 10.5828 5.83509 8.75091
2 3.24772 3.65574 9.87593
2 5.65248 10.5465 10.2861
2 1.55552 1.94245 9.07728
2 8.14831 2.43033 6.81015
2 9.35005 2.19062 8.39089
2 9.23093 5.58008 5.56545
2 7.90875 9.04587 9.29543
2 10.0925 2.88604 4.65927
2 9.54797 11.1517 3.01101
2 3.84039 11.1696 6.71221
2 7.94324 9.04188 3.39264
2 5.45134 9.28476 8.13084
2 6.98797 2.80563 10.8348
2 5.1317 5.10969 8.56797
2 3.06241 6.22358 9.94988
2 8.71669 4.13605 9.31731
2 2.96846 9.45858 8.57115
2 8.87821 7.41724 10.0986
2 6.20499 1.88933 8.27709
2 3.33866 5.75948 4.54252
2 1.35318 7.93075 4.14585
2 2.43552 4.87719 7.79399
2 3.97369 3.28661 5.58828
2 11.4721 6.19711 6.08338
2 10.4587 8.83165 2.09254
2 11.3819 8.09791 9.48937
2 2.68332 9.55723 2.66413
2 1.33088 3.76348 1.2754
2 10.9783 10.3292 8.07608
2 7.31204 5.5114 11.0161
2 2.15341 7.24249 1.48165
2 1.57009 1.76782 3.16187
2 8.26915 9.76719 11.9498
2 7.4372 11.4685 10.051
2 2.56423 1.71274 11.4798
2 5.15901 5.70465 6.51797
2 6.14419 4.20897 1.78238
2 4.06232 11.3769 4.03857
2 5.18395 8.81679 3.80939
2 5.09474 10.0989 1.79074
2 7.42363 10.1879 7.04801
2 9.81977 10.84 10.0971
2 6.51396 6.78812 9.01194
2 10.9821 10.5898 5.01298
2 5.00883 3.04268 10.6367
2 7.51623 4.64927 7.31519
2 8.17045 4.33555 3.4804
2 9.46465 8.34379 5.56749
2 5.94456 1.55152 5.71347
2 10.3856 5.05781 3.0702
1 6.9787 1.32283 6.923
1 1.54146 8.37698 2.52861
1 11.3618 5.2904 7.4131
1 9.54579 4.46656 4.35474
1 3.53514 4.9831 8.98887
1 7.31488 7.03074 10.419
1 10.5667 1.21721 8.89731
1 4.7594 4.02742 11.9368
1 8.50651 7.04979 5.90811
1 4.4846 4.83574 5.27537
1 10.6347 1.43471 4.01331
1 4.19553 9.98633 3.15869
1 6.64266 8.05435 3.65514
1 6.37105 5.81883 7.6536
1 3.37811 6.90183 11.3958
1 10.563 4.83957 1.45583
1 10.433 6.8796 10.0106
1 2.94641 2.04718 9.91902
1 8.82368 3.63837 7.71712
1 7.04608 8.82764 7.90302
1 8.02217 4.06257 10.7944
1 1.89123 6.46154 4.74739
1 10.9772 8.94808 5.27291
1 2.22672 2.54307 1.88512
1 8.36964 10.1703 10.3972
1 4.22524 10.4357 8.16003
1 5.91318 1.76245 9.93161
1 1.45521 9.00383 8.23028
1 4.34562 1.67842 5.46263
1 5.40419 9.32005 11.3521
1 6.74282 4.99195 3.06803
1 9.0813 9.6854 2.39545
2 9.9916 10.0548 11.1876
2 8.2151 6.76829 11.8188
2 2.13916 8.43328 2.22982
2 7.56463 2.83539 1.85297
2 9.93383 1.54735 2.24835
2 7.42045 5.09321 4.34599
2 2.09759 5.84883 9.92907
2 9.83037 10.3987 8.65197
2 3.93896 7.19656 10.478
2 10.9068 1.78145 11.0832
2 6.93001 3.87776 10.6155
2 6.57969 9.7187 11.2537
2 3.75948 4.09944 9.81053
2 5.77575 3.74782 8.13332
2 1.41054 10.0742 11.625
2 2.3794 1.51493 3.88866
2 2.84671 1.77943 10.8499
2 4.02387 10.3189 12.1322
2 7.5001 5.84353 9.26069
2 11.1521 8.23366 9.2243
2 5.6904 8.67577 9.08704
2 1.4748 2.44504 2.00088
2 11.5507 4.13463 11.0436
2 11.3082 10.4291 2.86159
2 8.04818 9.26771 4.19636
2 7.49005 10.7118 8.76825
2 5.18138 5.47564 3.20078
2 3.39114 5.12672 1.077
2 1.44038 2.0895 7.06003
2 8.09704 1.26199 4.12152
2 6.35735 2.37715 5.9082
2 4.7406 8.66777 3.35762
2 9.5533 5.67338 5.73522
2 10.685 1.85202 4.60679
2 11.0589 3.96835 6.11126
2 9.32285 3.7324 3.72347
2 3.94893 2.6488 5.95966
2 3.78577 1.71499 8.44909
2 7.379 8.27136 2.59636
2 5.60416 2.18071 10.4387
2 5.95241 1.42979 1.12619
2 9.42571 1.92451 7.09097
2 8.29014 1.54697 11.146
2 10.6735 10.4558 4.75625
2 5.11799 1.87925 3.89641
2 2.65928 10.9789 6.08499
2 6.05435 10.0561 2.75914
2 10.6306 4.84884 8.40268
2 6.23264 10.2825 4.77931
2 9.34786 6.42015 3.13013
2 10.0415 6.34635 10.3076
2 9.98259 8.47839 1.56158
2 2.34492 8.76613 4.76056
2 5.33653 4.96028 5.8038
2 8.44695 8.44338 9.82882
2 3.40771 9.84831 9.82508
2 3.05296 7.99132 8.21594
2 3.20917 3.87964 3.5026
2 6.14579 7.42573 4.7359
2 1.124 6.60674 7.02098
2 1.06857 9.19685 6.89803
2 5.07451 5.60153 9.91884
2 8.56771 10.4213 6.31541
2 3.01486 6.53708 3.39684
1 3.15919 8.16155 3.48126
1 8.67734 2.39694 3.0075
1 3.56493 5.57467 10.6391
1 9.69309 11.5666 11.7687
1 9.96119 9.21937 9.76353
1 8.45913 6.79275 10.1974
1 8.73757 7.49901 2.0572
1 3.01607 1.70476 7.00545
1 1.56626 2.68698 11.5185
1 5.63213 10.4524 1.245
1 4.09693 8.41726 9.39396
1 7.02261 9.41057 9.68876
1 10.7191 2.39027 6.16465
1 6.95807 2.46872 11.4616
1 6.30775 4.71801 9.36047
1 3.63573 2.50765 4.26082
1 11.4587 1.42526 3.1759
1 4.05383 2.48772 9.89773
1 9.00095 10.5054 4.74067
1 6.40902 8.83838 3.88623
1 11.1806 5.26044 9.89078
1 5.34187 3.50637 6.55329
1 5.99621 5.80206 4.55711
1 9.03296 5.2617 4.24217
1 10.7079 5.35893 6.8489
1 1.44672 7.9579 7.87787
1 3.65657 5.21457 2.68677
1 1.47934 9.95603 5.52326
1 11.4215 9.25382 1.75791
1 6.47144 1.30919 4.66438
1 8.72204 11.1743 7.741
1 2.83025 10.702 11.0863
2 4.23127 9.48225 4.55283
2 7.3372 11.7956 7.82814
2 8.5684 2.3941 6.1576
2 11.7919 3.57874 3.57983
2 9.1182 10.15 3.13984
2 8.90528 2.97646 1.93405
2 10.5744 0.901156 3.70761
2 10.1297 8.23797 11.3125
2 9.82461 1.05699 7.81837
2 10.9528 3.98269 11.9089
2 11.2569 2.44035 9.70488
2 11.5592 10.4999 7.09842
2 9.76827 4.11905 4.67764
2 9.53964 10.1882 1.18341
2 1.30635 4.62314 9.63996
2 0.8125 9.75256 12.2788
2 5.66897 5.17215 4.51139
2 10.9913 7.98888 2.12388
2 5.73441 8.79333 11.6001
2 9.91501 5.45659 6.49818
2 5.80011 10.8579 9.76427
2 2.92625 11.0714 6.33292
2 11.239 7.86408 6.55731
2 2.95829 6.35261 8.36418
2 4.51571 6.43447 10.6321
2 1.19088 5.35622 6.89307
2 7.64194 4.32551 6.12106
2 2.77697 11.366 12.1475
2 8.23477 6.91372 10.2032
2 3.68709 6.92793 3.65464
2 7.08778 9.26364 2.13924
2 7.6513 0.77186 2.63753
2 4.55245 4.83689 2.00782
2 9.94122 8.64785 8.62525
2 1.97256 8.11971 3.85469
2 5.47709 4.38332 8.8778
2 4.72677 7.99822 2.27684
2 7.29841 10.8267 12.181
2 2.78743 9.58425 2.27879
2 10.1001 5.09245 2.22974
2 1.95992 2.64908 11.4333
2 3.12878 8.5961 11.7079
2 11.6016 10.7328 5.10079
2 6.40973 2.8837 1.51996
2 7.99 9.45986 10.1368
2 3.81006 2.35486 1.46241
2 1.46453 1.3639 4.87737
2 4.93007 1.71024 8.33411
2 3.96403 8.49914 9.35484
2 7.01184 2.84219 4.14506
2 5.27161 3.2879 6.32706
2 1.33941 1.49142 2.09494
2 5.29952 10.4897 7.04899
2 11.2681 6.34274 4.45723
2 3.14624 3.75143 7.89525
2 4.97145 3.94306 11.3922
2 10.7032 9.07953 4.4292
2 1.45722 8.55772 8.4796
2 1.00992 1.52601 7.2595
2 3.54683 8.53857 6.81442
2 8.997 10.9881 5.65052
2 6.91192 6.83946 0.858769
2 8.35894 4.75427 11.8212
2 10.3021 3.44013 7.41074
1 10.063 10.6652 4.41878
1 8.57613 0.873003 6.78909
1 5.44661 5.10507 10.3643
1 7.43924 5.99605 11.3057
1 11.2922 8.9936 7.739
1 5.78375 11.517 8.24387
1 11.8929 1.91156 3.53156
1 10.8062 4.89533 3.67638
1 2.4532 1.67446 0.891152
1 6.65694 10.0205 10.887
1 10.6337 9.01251 0.879261
1 4.59911 5.62502 3.41055
1 6.35005 3.89063 5.24912
1 9.55828 4.17386 0.989451
1 3.53466 8.58364 3.35515
1 11.5527 7.8625 3.67985
1 4.73078 3.28096 7.87056
1 9.12944 8.29647 10.0209
1 9.23379 3.95034 6.23896
1 11.2737 6.29066 6.16341
1 8.07167 10.5749 1.89085
1 2.0977 4.97522 8.2255
1 4.41149 8.07596 10.8485
1 2.41801 9.82373 0.713261
1 2.95123 7.97382 8.21168
1 1.3665 11.5329 6.20139
1 6.11144 8.19414 1.38836
1 4.0689 9.92102 6.12649
1 10.9973 2.1448 8.13801
1 7.52037 2.40314 2.61716
1 0.756905 3.48091 10.7183
1 4.93758 3.48812 1.17481
2 11.3368 4.27365 2.17329
2 11.9357 8.6968 1.78608
2 9.22363 7.19343 5.63831
2 6.67397 7.20841 9.2366
2 3.91072 10.802 3.73347
2 11.8304 10.8802 10.6968
2 5.16758 10.2104 5.18771
2 0.676872 5.66778 4.45044
2 2.2677 5.53066 6.7317
2 6.67257 10.3031 12.2005
2 4.85465 8.15527 4.88344
2 4.3897 8.92991 9.1369
2 8.76363 6.26088 0.601791
2 9.3237 7.97153 3.01069
2 3.79834 6.13339 0.895043
2 9.15132 6.36036 10.4524
2 11.4126 3.42209 4.57947
2 0.574153 9.65745 4.20952
2 2.06874 7.81214 12.1765
2 12.1045 0.552859 8.6817
2 11.243 0.988283 3.5385
2 7.47757 11.159 9.73771
2 9.44094 1.74972 5.44596
2 11.2975 2.56638 12.5336
2 4.94925 5.80779 5.91651
2 11.3893 6.70826 12.2007
2 4.55446 11.2973 1.24531
2 8.22198 8.70062 10.6562
2 7.68686 11.5165 5.43682
2 7.68498 9.14673 4.6793
2 4.2603 6.29416 8.57576
2 2.70913 8.86197 3.46488
2 6.75962 10.2531 7.2229
2 1.46966 1.2722 10.9155
2 10.1358 9.49717 0.608102
2 9.93415 11.7824 7.08937
2 4.5089 8.76219 0.509278
2 1.86372 3.62584 3.22387
2 2.1777 2.82519 0.705168
2 11.7058 9.226 11.8189
2 4.65338 5.9847 3.33981
2 7.46115 0.715787 7.55622
2 2.39363 10.9505 9.39813
2 2.04907 10.7175 2.13668
2 7.03633 6.73954 4.2428
2 3.18783 1.33876 2.70602
2 4.20878 3.73823 2.05985
2 11.1559 8.83741 6.47304
2 1.39547 7.79296 5.9138
2 2.50097 9.4996 5.73594
2 9.91676 1.82143 1.68197
2 6.27305 5.19518 1.30657
2 10.0976 10.6576 2.62318
2 10.0834 4.43952 12.2827
2 4.50803 7.06849 11.0059
2 11.7852 1.24878 6.08948
2 8.80509 3.95235 1.67308
2 11.4094 6.43552 6.83262
2 5.03456 11.4077 8.78369
2 4.25079 10.6907 11.1698
2 9.261 7.84119 8.26562
2 0.642103 10.6541 6.81113
2 11.1907 11.6784 0.755471
2 9.25712 10.9305 11.4674
1 10.7912 10.6298 11.9684
1 6.76675 10.1537 5.57486
1 9.90843 6.0432 11.879
1 5.05866 10.2469 12.5195
1 1.3002 9.40607 2.76836
1 3.95678 10.4705 9.57554
1 5.43271 6.65082 4.59994
1 6.61621 11.4054 8.39174
1 3.42341 11.5778 2.3868
1 0.428748 4.32534 3.53882
1 8.36891 7.70297 4.33646
1 0.977375 6.21249 5.97289
1 10.5712 0.376907 2.1837
1 10.3103 3.39636 1.19456
1 3.85516 5.72345 7.11161
1 0.49199 7.97795 12.67
1 5.02343 7.43558 9.48671
1 1.11374 11.8247 9.95836
1 7.83445 10.25 11.0466
1 4.75528 5.25129 1.89713
1 0.797062 9.34974 5.80714
1 8.61197 0.664686 6.36797
1 3.6755 7.46868 12.3671
1 1.0295 2.21355 12.1663
1 8.30064 7.47402 9.56785
1 7.87209 5.28663 1.54137
1 2.85594 2.84634 2.18346
1 10.1921 7.55623 6.91016
1 11.5637 11.9403 7.2206
1 3.77515 9.39863 4.66362
1 10.9667 1.9167 4.8633
1 10.2697 9.04223 2.19082
2 3.19679 11.0277 12.1639
2 9.78769 2.95675 11.9967
2 3.46394 4.29511 1.12249
2 1.52459 5.94505 11.7222
2 3.11486 2.27363 2.48082
2 8.91297 1.47617 2.25628
2 10.7245 6.2185 6.57433
2 1.48069 2.23904 11.6467
2 9.13097 7.71877 5.94899
2 11.1859 10.1091 2.98375
2 7.57797 2.87558 11.9014
2 1.62713 8.60901 1.18291
2 5.48473 10.2401 6.09744
2 7.77092 7.01548 8.24858
2 9.71642 5.56988 4.41213
2 7.10059 4.88702 9.99293
2 4.3052 8.43271 7.5427
2 8.16814 4.71304 2.12404
2 4.73721 8.61505 12.0739
2 7.06243 3.06201 2.36749
2 9.12342 2.40242 4.75285
2 6.31692 6.27254 0.954452
2 1.07658 6.87955 5.13115
2 3.34552 9.26954 10.0456
2 0.969499 8.05189 10.2499
2 4.7789 3.87858 3.66102
2 2.43269 8.1326 3.4713
2 9.79214 10.5155 8.05933
2 8.0045 7.27719 2.51825
2 2.71912 4.16668 9.90269
2 1.36781 10.333 8.96641
2 10.6237 11.5469 0.93727
2 2.27898 7.91786 7.89458
2 2.63991 10.7178 2.7908
2 3.07571 10.8945 6.92963
2 5.9798 6.0674 3.57858
2 7.41609 11.1273 9.01971
2 5.42185 10.7766 10.8533
2 3.05586 2.75518 7.49616
2 7.19276 10.746 4.31744
2 3.50474 5.52395 7.70088
2 1.08192 4.14705 7.834
2 2.45742 1.57755 5.05457
2 4.86068 11.0726 8.51307
2 8.18788 0.811486 6.48943
2 4.71377 11.4059 3.91493
2 10.6529 1.42726 9.79431
2 7.49377 9.30792 7.11345
2 9.59035 5.04364 8.67485
2 3.98265 6.20477 11.011
2 10.2591 7.81153 3.67217
2 9.41784 11.3995 3.92085
2 0.910448 1.23438 7.34517
2 5.44317 8.63777 4.09092
2 6.78208 1.9127 4.49129
2 6.44482 7.07554 5.97033
2 10.2962 7.40973 1.00737
2 9.43737 3.56522 3.15793
2 9.18138 9.58321 2.0222
2 2.51075 5.21353 3.44951
2 3.776 6.92327 5.35704
2 7.45879 4.17901 4.54932
2 9.79407 3.96763 6.23327
2 5.97255 2.28204 9.81854
1 3.20842 1.07184 3.69141
1 7.08709 5.94451 2.3458
1 5.67386 10.2125 4.48281
1 2.79003 1.6733 0.93841
1 5.09372 7.07962 11.7603
1 4.43127 10.0573 7.31554
1 8.17443 1.04928 4.86974
1 6.74474 3.44387 10.6418
1 2.40039 1.46156 6.68515
1 8.63259 3.08924 1.73538
1 10.8408 1.87133 11.3757
1 8.21344 10.6469 7.68669
1 0.848545 7.4534 11.7723
1 1.97609 8.84349 9.22818
1 10.3302 6.92518 5.09814
1 2.85029 5.07288 11.2811
1 10.5842 4.81671 7.39641
1 3.39505 3.96509 2.75463
1 7.70303 7.72872 6.77527
1 6.29234 3.31541 3.78085
1 9.43491 7.99819 2.26869
1 8.1776 5.71059 9.10075
1 3.46677 7.06211 7.07261
1 1.70882 9.36915 2.63851
1 2.45737 6.67221 4.27852
1 9.10227 4.08407 4.71415
1 5.97053 11.5967 9.57526
1 9.89608 11.0196 2.35532
1 5.3816 7.12432 4.71914
1 2.68134 4.19528 8.2507
1 11.0931 11.3503 8.56537
1 4.11984 9.94473 11.3458
2 10.0484 4.45579 10.9934
2 1.38519 6.51358 10.4133
2 5.04776 7.48734 3.59349
2 9.68218 8.44976 6.10996
2 10.2977 6.37699 1.16566
2 7.77572 4.9909 9.0791
2 2.62354 9.80838 3.98006
2 11.5505 4.25613 2.15494
2 4.715 2.36804 11.0782
2 9.28293 3.1149 9.37697
2 2.3634 7.5949 3.98458
2 2.1097 2.95762 4.18477
2 6.9034 6.07321 2.43712
2 1.8464 11.1551 8.91104
2 7.33631 8.82414 7.14548
2 7.13517 4.22173 4.21237
2 1.93444 6.47006 1.1092
2 1.85387 2.30358 10.8483
2 11.2675 7.85351 7.91163
2 5.10474 8.81171 11.7176
2 2.32257 1.88423 6.67238
2 3.01269 8.06569 2.13217
2 10.629 8.20171 10.4221
2 3.19059 4.04463 1.13397
2 9.29829 6.45617 9.15334
2 8.14453 11.4084 2.87239
2 6.67164 9.73119 9.72342
2 9.98422 4.39086 8.00654
2 4.29942 10.6948 10.295
2 4.25653 10.833 5.93752
2 9.92024 1.23574 11.1124
2 6.83792 10.7553 6.92262
2 10.1754 2.48402 3.72535
2 8.97506 9.12708 8.40599
2 1.62121 10.6507 11.0209
2 6.19759 11.1779 1.03119
2 3.12395 4.33713 9.90243
2 7.40753 2.332 10.847
2 1.08259 1.61667 1.9381
2 7.93171 6.34799 6.89655
2 11.1234 9.08053 3.99336
2 7.66231 7.60744 4.57573
2 3.17462 5.48214 3.30069
2 1.03905 8.60068 1.53902
2 2.90849 8.9853 8.78864
2 3.49183 4.22296 6.43329
2 5.3641 5.70363 7.87519
2 2.93963 6.4578 8.20602
2 6.94094 8.90504 2.43615
2 11.5158 3.76558 6.12518
2 9.62896 10.9071 5.17
2 8.79535 4.23322 2.16722
2 8.87204 2.94645 5.82467
2 3.69911 6.65772 10.9628
2 10.6462 1.76383 7.39819
2 6.80837 3.96095 6.85985
2 6.29823 3.32436 1.83609
2 8.38277 11.3904 8.84164
2 6.2674 1.9689 5.29889
2 2.7205 8.92982 10.9744
2 1.35361 10.3443 6.19981
2 5.995 10.5559 4.0194
2 4.02328 6.60493 5.78548
2 2.78463 8.51853 6.36948
1 8.15081 7.79866 6.15192
1 6.1517 2.16911 11.8915
1 3.93098 5.66163 7.09424
1 2.30795 5.1278 1.9634
1 7.23374 4.45437 2.60076
1 10.6335 9.649 5.46131
1 5.84324 11.0982 5.59859
1 6.94068 5.3219 7.72795
1 2.91025 9.95186 5.57313
1 10.1191 4.76719 1.3798
1 2.80313 5.93112 9.80458
1 11.624 2.82397 3.04009
1 7.29656 3.22682 5.50322
1 8.74811 1.74954 10.0759
1 11.5091 1.2606 11.5803
1 5.68583 10.1447 10.9905
1 3.7239 6.74033 4.19776
1 9.1487 1.26698 4.0281
1 2.76837 10.1974 9.9074
1 3.69859 7.99941 11.8776
1 1.75482 8.79414 3.01791
1 6.78708 10.5435 2.54988
1 10.1429 3.23839 6.84982
1 1.29675 11.5275 7.41871
1 7.54175 10.0213 8.32958
1 3.26247 3.14761 10.9958
1 11.3581 7.4057 11.681
1 2.34565 3.25084 5.78608
1 9.35925 4.79129 9.50846
1 6.65435 7.49328 3.24953
1 2.20662 7.90867 7.76847
1 9.9951 7.94018 8.94587
2 4.88519 6.76918 2.35995
2 10.6772 8.60064 7.67678
2 10.9713 7.51014 2.13991
2 2.60227 7.20497 11.7324
2 8.51394 9.95988 3.41224
2 10.4276 2.26219 6.29357
2 9.59246 6.45402 11.401
2 2.84391 9.04233 9.92116
2 8.29728 2.50465 1.54651
2 11.6387 6.23024 6.97986
2 4.23859 10.8778 1.40255
2 10.0452 10.375 5.59442
2 7.29543 6.38892 9.82365
2 9.6821 6.23716 8.77438
2 6.14743 6.89626 11.906
2 5.18691 10.2851 10.4235
2 2.35386 10.247 3.22411
2 4.48907 9.35916 7.788
2 11.4661 11.4587 10.262
2 3.94224 9.22905 5.16902
2 7.88718 3.29669 5.65101
2 11.7722 2.52002 8.45191
2 11.2072 9.756 3.42832
2 4.71131 2.13735 10.3671
2 4.59125 8.36141 0.902554
2 4.87837 7.53736 9.63585
2 1.90823 4.20194 2.26836
2 1.13971 7.63769 4.7573
2 3.17635 5.7499 2.17728
2 11.0202 2.82691 1.42542
2 4.12998 5.64987 4.08587
2 5.10189 4.8771 10.4408
2 3.24181 6.33393 6.15387
2 9.91525 1.12202 3.26993
2 5.73999 4.79536 5.78105
2 5.50793 7.5114 5.90066
2 3.4731 3.19052 4.00658
2 5.34026 2.15076 5.73709
2 0.875268 11.2375 7.25191
2 1.33739 2.91591 11.0337
2 7.16554 5.04582 2.0497
2 7.75228 1.2218 6.71102
2 6.72246 10.0069 1.30072
2 8.58665 3.03838 8.16911
2 7.30441 7.74048 2.55974
2 10.1017 11.3177 0.888523
2 1.7511 10.4279 12.2175
2 3.05293 11.5721 5.39003
2 2.45828 8.24649 2.62095
2 7.19396 1.5787 10.1021
2 1.12926 7.10053 9.41204
2 3.1023 3.65765 11.8802
2 6.02303 10.3574 6.08601
2 9.0235 8.81743 1.05104
2 9.80048 2.29913 10.3084
2 8.33488 4.26161 10.3557
2 5.70967 3.11094 0.989149
2 5.48858 0.878696 8.17528
2 6.40599 3.0942 3.50881
2 11.3226 8.74242 11.3579
2 1.81278 5.19242 4.59733
2 1.41206 9.44911 5.66537
2 2.36058 1.71483 1.95028
2 2.36679 2.49861 6.31756
1 5.76589 6.39162 10.409
1 8.34354 2.72846 9.75453
1 6.33913 3.4075 5.13279
1 6.44222 6.50369 1.97682
1 0.961386 1.92759 6.95452
1 4.76883 6.09265 5.53634
1 6.97834 3.41606 2.00729
1 3.44913 7.35204 1.6761
1 11.2167 10.4538 11.508
1 1.74231 8.02852 10.5992
1 4.41061 9.10953 9.40827
1 3.6583 2.16987 5.3059
1 9.90942 10.5879 3.99029
1 5.68847 0.927495 9.80988
1 2.64231 10.1025 4.80657
1 4.64252 3.51274 11.2878
1 8.79217 5.82072 10.1046
1 7.86857 9.20329 2.12771
1 1.66156 6.38373 5.68796
1 9.78665 1.78664 1.77013
1 10.2089 7.76582 12.1854
1 5.24356 9.87208 12.0998
1 1.73233 3.00871 1.15915
1 2.90447 4.68149 3.48652
1 5.09678 9.04347 6.28089
1 8.83907 2.44832 6.67043
1 11.1407 9.8297 6.68663
1 11.3799 2.11455 9.95502
1 6.13541 0.940303 6.66794
1 0.959483 8.28517 3.25579
1 2.6923 11.0705 1.86801
1 10.9689 7.06659 8.2083
2 9.76368 9.98742 1.21004
2 2.04474 3.18953 7.07598
2 6.14564 1.51207 2.66198
2 9.35138 0.931732 8.31476
2 4.18807 7.32138 9.70884
2 10.1205 4.2167 1.52962
2 4.01915 10.8495 3.63515
2 8.41684 6.8343 8.87799
2 3.94474 5.15834 8.39915
2 4.00602 2.22555 2.10413
2 1.40229 4.55824 11.3031
2 11.3321 10.0453 8.74844
2 2.93661 9.45149 5.52977
2 9.75379 7.89237 10.7807
2 10.6656 11.0106 6.29555
2 4.06419 8.40758 11.7099
2 10.5518 5.59865 5.0128
2 6.92483 8.6619 5.35982
2 8.84588 5.91986 2.98995
2 1.96141 3.52371 2.30954
2 6.22784 7.48358 2.94788
2 8.24082 4.53776 4.85396
2 10.4969 5.62761 9.7902
2 5.44329 5.24719 4.0967
2 5.16719 10.5666 6.0225
2 6.56673 1.16263 9.3282
2 6.66576 2.21732 11.6774
2 4.28562 4.98349 2.47673
2 3.97188 6.76917 1.61782
2 8.44137 5.74904 11.5646
2 2.88737 3.26736 9.62148
2 4.24218 7.42917 4.28959
2 11.0064 2.92908 8.88188
2 5.28969 8.27691 7.43058
2 8.96338 1.95329 5.08944
2 3.06909 1.40514 5.78514
2 5.70051 3.62376 9.58571
2 8.40788 6.739 6.04613
2 2.94734 10.3578 10.4354
2 2.14158 4.62655 5.65043
2 4.1717 5.30483 10.9721
2 2.16095 6.60358 10.7015
2 8.33421 2.92636 9.66425
2 6.39799 3.13062 5.59869
2 8.60073 1.32631 1.98136
2 10.2239 11.0777 3.67419
2 2.20394 1.05833 8.45069
2 3.24248 7.05082 6.88862
2 5.63222 9.7206 10.0818
2 4.32649 4.68072 6.48901
2 8.35705 10.2431 10.1526
2 7.04821 9.9306 7.8057
2 9.04428 9.16566 7.42311
2 3.63581 3.40795 4.49588
2 8.76742 3.34037 7.22024
2 1.29023 5.36957 2.84618
2 1.9125 5.04216 8.41601
2 7.84681 9.80372 3.04072
2 4.87973 10.7941 0.995124
2 11.6908 2.25684 4.82927
2 2.96205 9.27441 8.18635
2 8.59182 7.51944 4.16434
2 7.61826 3.8352 2.04371
2 1.78135 7.07312 4.78929
1 8.06406 3.16225 5.72898
1 4.8728 6.49231 3.06116
1 6.93044 10.4069 9.3625
1 6.80538 2.56385 10.1106
1 4.71375 11.6203 2.38536
1 9.12982 10.7095 2.52162
1 8.61538 7.57259 7.43996
1 1.77506 2.62644 8.58472
1 9.43482 2.56503 8.51944
1 3.5022 3.57758 2.82571
1 2.91586 5.39335 7.07537
1 1.28873 5.43787 9.91418
1 9.01921 5.97681 4.66838
1 9.38351 9.41956 11.1088
1 6.13586 9.37829 6.57952
1 2.10705 10.3649 9.01828
1 2.28743 2.8583 5.46508
1 3.75353 10.8442 5.24598
1 5.08698 4.04004 5.18299
1 4.20346 4.24797 9.72588
1 7.298 2.26507 1.79962
1 10.0957 10.4083 7.72021
1 3.88234 7.93541 8.19799
1 10.426 1.18891 5.0062
1 0.892383 4.44637 1.50003
1 3.69086 6.85484 11.2909
1 8.70166 4.98741 1.645
1 4.36092 9.8888 11.1159
1 9.1882 6.46432 10.2751
1 7.3058 8.43509 3.76626
1 1.25181 5.56962 4.49474
1 3.07205 7.83443 5.37026
2 5.71525 8.5799 3.22301
2 6.36578 3.33699 8.10781
2 4.49771 3.89361 3.86757
2 5.61632 4.27187 1.72729
2 8.75633 4.62445 8.9496
2 2.85292 11.5899 9.47822
2 10.0173 5.86853 11.1037
2 2.54275 1.86917 7.04867
2 4.98575 4.66648 6.27443
2 7.47062 1.48305 9.80303
2 5.4709 6.23498 4.1648
2 3.8807 1.46216 4.81413
2 4.22397 10.428 6.89553
2 9.94723 9.93635 1.63325
2 4.5925 2.47809 10.9342
2 1.66408 6.73664 12.1566
2 8.59163 7.93088 1.33562
2 1.1911 8.21897 3.77037
2 6.38236 9.34726 5.65638
2 10.6592 10.0631 6.56632
2 1.69017 4.59096 7.09191
2 10.0318 3.99136 3.97663
2 8.07688 8.77932 3.62472
2 1.7398 8.50258 6.36385
2 3.64848 8.20695 4.51023
2 1.6347 10.7611 2.10915
2 10.5075 10.9663 3.99769
2 9.08877 4.66254 6.32351
2 4.00084 3.42438 8.56606
2 10.1839 7.24653 2.33035
2 4.04663 7.01793 10.5675
2 5.18544 5.91064 8.62775
2 6.16293 10.938 3.25342
2 5.96749 11.2575 11.8454
2 4.15426 10.1336 1.86599
2 5.46732 8.40063 8.11049
2 7.39342 6.30289 2.49757
2 5.24433 1.44079 8.61729
2 1.99625 10.5083 5.37987
2 7.18987 4.27676 4.55625
2 8.88786 6.33185 4.20189
2 11.3191 1.99348 5.92355
2 3.74419 8.94471 9.05879
2 10.423 1.83815 2.00791
2 3.44061 4.68583 12.026
2 8.0926 2.45556 7.51822
2 2.3141 8.1746 2.11588
2 10.6178 3.09395 7.85524
2 7.61001 5.06199 11.4346
2 1.38686 5.65798 3.26047
2 11.3468 7.22714 7.52879
2 8.20445 3.73826 2.12175
2 8.20696 1.37227 1.04436
2 10.5382 8.21864 10.8354
2 2.35 9.52904 11.1832
2 1.19785 9.53529 8.84787
2 3.12363 6.7402 7.96967
2 1.28566 5.99036 9.56788
2 8.25237 9.93065 10.9279
2 3.9873 7.08602 1.96534
2 9.44191 3.41658 11.277
2 1.98309 2.95038 3.53957
2 6.71806 10.9251 7.62904
2 4.34055 2.14242 2.19148
1 11.3347 6.76567 10.8431
1 6.70553 9.59325 4.05203
1 7.43102 11.3227 11.1379
1 1.30418 2.97307 7.06223
1 8.60395 7.37343 2.92858
1 7.11946 4.8984 1.70395
1 2.21316 8.87937 4.85824
1 2.64869 9.65167 1.49644
1 5.17583 11.3844 1.99595
1 9.13419 3.71171 7.64849
1 4.60263 7.4221 3.43898
1 3.99137 2.0395 9.46652
1 4.34663 7.3678 8.91199
1 9.37631 9.01867 11.6704
1 11.1637 11.1697 5.44999
1 5.59414 4.725 4.74458
1 3.23161 11.4406 6.08972
1 5.12602 4.4263 7.89408
1 8.76467 4.7836 4.72643
1 8.95035 4.7788 10.5473
1 3.5808 2.55406 3.64189
1 1.63903 6.02305 7.96288
1 1.08063 7.09152 2.5192
1 4.43531 3.37415 1.01133
1 6.85132 1.70171 8.30955
1 5.69848 9.73482 7.11133
1 3.31979 6.33862 11.9291
1 9.16321 2.6301 1.38065
1 11.338 8.87334 7.48078
1 11.6096 4.14549 3.53263
1 2.56751 9.9602 9.61677
1 10.8288 11.0671 2.41707
2 1.8971 9.7174 2.59139
2 10.4664 9.46326 10.6291
2 9.96678 9.60103 5.19683
2 6.23886 9.91607 5.42997
2 3.72327 3.89768 8.64042
2 11.079 11.0799 6.9803
2 0.961888 1.0249 12.1003
2 9.33841 7.57836 3.74372
2 7.70036 8.034 5.63062
2 0.953768 11.7052 4.64984
2 2.36225 1.43422 2.58547
2 6.17546 3.43666 4.68223
2 10.9779 3.50498 1.59466
2 4.44615 5.62939 6.87656
2 5.67616 11.2789 10.6637
2 7.45888 9.29531 9.90957
2 4.97408 5.2431 2.16268
2 10.2296 2.47958 6.49605
2 4.91859 2.68009 1.13191
2 0.918163 3.29312 4.05297
2 2.76371 7.27457 3.32722
2 2.3501 4.71953 9.90468
2 9.0101 7.63769 10.3998
2 5.8929 10.322 8.11706
2 1.8321 10.0208 9.0894
2 6.04506 9.83082 1.9109
2 1.75228 7.53143 10.0139
2 3.93469 5.85263 4.10945
2 4.84952 8.78702 10.2518
2 10.2753 7.33955 6.32572
2 6.2881 4.53018 11.2769
2 7.0471 3.61293 2.37277
2 2.15899 6.72259 5.97272
2 3.4694 2.3667 4.87972
2 5.41601 1.16928 3.59044
2 8.32403 10.8319 10.8414
2 3.39581 1.90236 10.4496
2 2.38313 4.90396 2.25498
2 10.8474 5.77808 10.7195
2 8.22301 8.74235 1.06732
2 9.58704 2.26572 11.2007
2 2.1586 9.76545 11.5802
2 3.87171 11.2208 1.43275
2 9.49957 1.29779 8.81423
2 6.16483 4.72606 8.73864
2 5.69112 1.43641 6.21574
2 1.211 3.13638 10.4579
2 10.6834 5.00383 5.67209
2 8.9785 3.17916 4.40095
2 4.06393 9.63135 3.62961
2 6.00261 7.40268 11.9856
2 8.82681 6.24282 1.26194
2 8.18519 11.2112 6.65739
2 6.58067 7.92776 3.36218
2 11.4951 5.79424 8.12874
2 7.4215 2.57228 9.86166
2 2.03602 2.02169 8.43272
2 8.08982 5.3641 3.66561
2 4.82104 7.7569 5.53156
2 3.66772 6.94415 1.01939
2 4.3039 6.32465 9.70152
2 8.4702 5.05152 10.0693
2 1.80554 9.30572 5.09673
2 10.6996 5.60433 3.10397
1 5.78883 4.01697 1.42415
1 6.55413 10.9035 6.71507
1 2.18491 10.911 1.49508
1 5.12719 2.17439 4.86617
1 9.29089 8.12827 5.28373
1 9.59956 1.12062 7.21333
1 8.82103 9.21905 10.9023
1 3.53054 6.05461 2.45582
1 6.23369 8.35018 4.93047
1 2.61548 3.06256 9.57926
1 8.61739 1.50881 10.1498
1 9.28428 6.14647 10.9768
1 11.1158 2.47135 11.667
1 4.88626 10.675 2.68007
1 11.4416 6.19913 6.53395
1 4.63519 5.23879 8.47397
1 7.11073 4.16817 9.92185
1 1.31397 9.10398 10.3294
1 9.21275 6.22488 2.86056
1 1.5051 11.2743 8.13078
1 2.05366 2.02775 4.09771
1 7.57089 3.84415 3.89523
1 1.30954 5.97117 9.6569
1 0.935536 4.36934 2.75437
1 3.77176 6.47326 5.63097
1 6.7774 8.37139 1.77327
1 4.53579 1.39625 11.4791
1 2.63736 8.84238 3.75825
1 5.94466 9.92754 9.73372
1 10.4026 3.44622 5.19238
1 11.3756 10.3596 5.50023
1 4.65622 7.30934 11.0127
2 9.11506 5.40201 6.32058
2 9.46714 7.59661 3.41434
2 8.0935 5.01 11.3272
2 11.2351 5.91744 8.3615
2 7.6973 10.8209 4.85361
2 7.35951 6.53315 4.45646
2 11.3111 4.48921 3.69264
2 1.69544 10.7963 4.30682
2 2.68184 3.13867 2.78671
2 11.6124 8.98683 4.35454
2 10.4042 2.48259 10.7466
2 11.1452 10.7445 8.63092
2 8.94151 5.4721 8.38325
2 4.19414 1.22402 1.51916
2 5.31283 11.274 3.5204
2 4.27612 5.12728 2.79013
2 11.9537 7.13085 10.6412
2 4.11457 3.76528 10.0779
2 4.27655 3.40132 4.92817
2 8.86711 1.82978 0.919642
2 2.2425 5.10392 4.62293
2 11.5339 1.7283 3.74847
2 5.13138 3.26384 7.48085
2 8.83552 10.722 7.24219
2 4.44479 8.03964 7.22637
2 3.29322 5.30235 12.1784
2 1.23853 9.67735 10.7731
2 11.3651 6.76528 5.17605
2 11.0718 10.7152 2.61016
2 10.7238 11.664 12.314
2 10.89 8.98504 12.4475
2 7.18898 8.36478 2.3066
2 11.0641 2.7738 1.52235
2 6.35219 5.15687 9.16154
2 6.71223 6.54542 7.02692
2 8.11695 5.94555 1.90848
2 1.87246 8.05969 0.967469
2 9.19772 2.91377 3.15395
2 10.1724 3.35925 8.13595
2 8.91279 9.60105 9.67871
2 7.18655 8.71583 11.5818
2 3.59079 10.0659 1.72887
2 5.84881 5.62924 0.628028
2 6.07253 10.5866 1.13708
2 8.30996 3.63682 9.71821
2 2.30565 6.98775 8.52387
2 1.71263 4.81573 10.0925
2 2.06293 8.46413 6.16506
2 7.16077 3.57746 1.55149
2 6.79174 9.10226 6.50588
2 8.30928 6.88343 10.0313
2 7.12757 1.23421 2.97198
2 9.06532 0.985846 9.18917
2 6.7908 4.24018 5.60896
2 2.40184 9.62911 8.36252
2 1.74054 0.911486 1.95122
2 9.3384 8.66033 5.74183
2 2.50509 2.86132 12.0201
2 4.21562 7.43345 1.61206
2 11.4208 4.63836 6.34388
2 2.69446 8.47211 3.5308
2 6.14928 1.64326 5.53198
2 6.52364 8.43195 8.98767
2 8.6772 10.2862 1.30629
1 7.99534 2.3525 2.19971
1 3.37495 4.21583 3.80556
1 5.59064 3.16647 5.89318
1 6.57617 11.912 4.36041
1 10.3074 10.3226 1.20838
1 7.33423 5.02609 0.830534
1 1.20129 10.2547 9.27208
1 1.12588 6.20162 9.38951
1 8.18507 9.80963 6.05442
1 10.3862 7.99276 4.68461
1 9.49774 10.8268 8.7351
1 2.79978 2.097 1.51531
1 2.88004 4.16886 11.0762
1 10.3913 1.89027 12.2575
1 6.07228 7.99523 7.47554
1 0.828051 8.38533 11.6905
1 2.85133 8.25572 7.59441
1 5.13187 4.13098 8.86146
1 10.8155 3.05795 3.12207
1 0.627502 5.26703 4.93859
1 10.2407 4.88174 7.49204
1 9.50813 2.55059 9.40214
1 4.78507 11.1476 1.97183
1 7.27511 9.47488 1.09494
1 7.90564 5.26894 9.67461
1 7.5307 5.68699 5.88169
1 4.39903 5.8493 1.32073
1 3.0833 8.54082 1.95151
1 1.82728 9.20072 4.69833
1 7.77254 8.45554 10.0643
1 7.9696 7.10437 3.0292
1 0.860752 11.7125 3.22496
2 8.79973 5.85982 7.03301
2 4.09678 9.94248 5.00236
2 9.83025 9.71163 8.71236
2 8.90936 5.2484 9.97649
2 2.05669 10.9795 8.60888
2 7.55182 3.88352 1.57
2 7.77108 11.2832 2.35685
2 6.9832 9.79263 8.81439
2 2.2739 3.42661 7.92803
2 4.29673 2.01889 9.31121
2 1.41309 5.10429 3.71076
2 6.23314 8.20178 11.5868
2 10.7701 7.4565 6.59776
2 5.99976 3.10296 9.409
2 7.70647 5.93491 11.5501
2 4.59469 4.9629 8.23821
2 2.71547 6.64995 5.3967
2 3.23903 3.91734 5.39005
2 2.43144 4.94179 1.4162
2 6.50649 2.3323 11.6466
2 10.8061 9.50713 1.4466
2 11.0331 6.48137 10.983
2 1.60217 10.6975 5.26388
2 7.86915 7.49349 2.60775
2 3.85072 5.45379 3.23054
2 8.12706 10.7664 10.8659
2 6.04041 8.7371 6.90154
2 5.16762 4.01118 2.46076
2 1.09895 8.89816 10.4445
2 3.6755 9.02969 11.7551
2 10.825 3.69999 10.9421
2 9.05565 8.10887 11.3697
2 7.16781 2.55453 3.9287
2 10.2626 3.32128 8.49663
2 9.48234 6.17996 4.30037
2 2.64837 8.9457 6.89509
2 7.02789 5.20018 3.83171
2 3.43281 1.46769 6.72447
2 6.99664 7.07014 8.88551
2 10.9639 7.21585 2.13355
2 6.69794 10.3506 4.57794
2 4.50733 6.30754 11.6073
2 4.78794 10.5335 2.48768
2 8.55316 9.16795 6.25561
2 10.7397 2.36343 6.03862
2 4.84749 1.83404 4.53325
2 10.2501 10.205 6.82414
2 9.15898 7.5095 8.3875
2 2.18846 11.2321 1.6551
2 11.0149 4.85977 6.30358
2 10.8657 11.4683 10.4912
2 5.50541 3.19207 6.70553
2 9.37406 11.1349 4.45161
2 4.40402 11.5026 11.0867
2 2.58053 4.91091 10.0157
2 4.23662 3.74181 11.4757
2 2.35846 6.34893 7.91689
2 9.61837 1.51765 1.54813
2 9.90515 4.93255 1.77102
2 7.08328 7.57255 4.95392
2 8.93597 1.56324 9.22341
2 4.89965 8.19012 9.5477
2 8.90245 2.96079 11.121
2 7.29372 4.90654 7.93734
1 1.37224 5.02611 11.1163
1 2.96675 10.332 6.0731
1 2.83562 5.26525 4.5134
1 7.84088 11.4443 3.9697
1 11.295 10.2076 9.44815
1 8.71795 4.62512 11.5668
1 5.91325 4.03067 8.05879
1 2.06016 7.4175 6.70426
1 5.13725 10.7073 4.05954
1 8.38924 10.4202 9.29351
1 10.5611 5.86525 2.99257
1 10.1038 2.53431 9.95084
1 11.0165 11.1233 1.21834
1 3.00149 1.88855 8.30664
1 7.87412 6.58071 3.9419
1 10.6896 8.00628 11.6057
1 7.66067 7.50875 11.9479
1 2.97456 4.91784 8.43933
1 4.08018 5.01557 1.62693
1 4.68455 7.89468 11.1492
1 3.67274 10.6007 1.29602
1 10.524 11.2371 5.59016
1 4.24002 2.66261 5.80025
1 9.75058 8.67725 7.3113
1 7.04189 9.05222 5.63091
1 6.13734 8.418 8.50056
1 9.99532 6.08654 5.9331
1 8.29695 6.06563 8.62848
1 8.02844 1.65163 11.8636
1 11.1754 3.4742 7.15132
1 6.72166 3.8479 2.97958
1 5.10885 2.56072 10.7247
2 10.1346 9.70621 1.74061
2 5.2662 2.82578 3.71911
2 1.40999 7.45389 5.99511
2 3.78471 11.6733 7.476
2 8.86492 11.363 3.81229
2 6.25157 11.061 10.7095
2 6.09673 4.54498 5.81252
2 7.1618 4.25444 11.331
2 9.62458 3.49436 10.2668
2 1.71821 10.1163 1.4825
2 10.5177 9.99091 7.8492
2 2.42106 2.88306 11.3843
2 10.9254 3.54271 8.00165
2 3.6369 6.39616 8.46067
2 4.49793 3.80733 8.65175
2 9.47197 6.22686 1.15213
2 2.93525 5.19236 1.90755
2 8.2847 7.86865 3.06068
2 8.38675 5.2351 3.27118
2 7.78866 1.90189 5.86141
2 8.06007 4.91433 5.75411
2 10.7855 1.23126 9.37711
2 2.56402 2.80247 7.5905
2 3.71978 0.934452 2.44477
2 10.9691 9.87578 10.6591
2 9.5813 3.07135 4.06126
2 8.05298 1.9557 11.4293
2 1.91472 6.18098 3.9999
2 9.39098 3.71088 1.45079
2 8.9909 9.26886 5.49275
2 7.54506 7.01 5.14123
2 5.83017 2.59374 7.53849
2 6.95604 11.291 8.00743
2 4.23163 2.74338 6.14904
2 11.7048 7.79506 12.1563
2 3.39319 9.06642 4.58591
2 3.68126 3.35074 1.57674
2 7.25847 9.02795 9.20582
2 7.75998 10.9403 1.48339
2 8.44258 2.51725 8.33832
2 3.58416 11.2339 11.5983
2 4.31018 9.41258 2.23274
2 0.946665 9.76897 5.65098
2 1.65408 4.89342 6.38316
2 6.84045 6.24753 1.35479
2 10.079 11.6588 5.78379
2 2.02065 10.4542 9.03921
2 5.32767 6.75845 6.38887
2 2.30837 4.70433 9.06101
2 4.18067 1.8763 9.39192
2 4.75109 5.42295 10.816
2 4.4525 7.07012 3.32172
2 7.12243 6.62363 10.3827
2 7.42185 6.49989 7.68866
2 4.79274 9.94817 8.99697
2 3.32825 8.85185 7.14645
2 6.22631 9.02741 4.25965
2 5.84949 1.96845 1.25359
2 10.0803 1.34692 2.0186
2 1.06751 5.00355 11.9903
2 10.4106 5.68082 4.97484
2 1.00048 3.26632 2.30633
2 5.51984 7.85602 8.56583
2 3.82026 4.76441 4.46828
1 6.82754 5.98907 6.22607
1 3.30696 10.5316 1.5686
1 7.81333 8.5091 4.51317
1 9.97629 2.61231 8.93914
1 8.23347 6.45285 2.20583
1 9.08514 1.66281 4.88715
1 3.39938 10.2329 8.16008
1 11.0465 6.3231 12.2502
1 11.2899 10.5885 9.18559
1 6.88503 0.959533 11.955
1 1.52399 4.04378 7.77323
1 7.0448 7.43028 8.99787
1 4.17168 2.37157 7.78459
1 3.86337 5.10207 9.44712
1 3.35398 1.68406 10.7702
1 4.70464 8.66449 3.65702
1 11.3774 9.38751 12.1893
1 7.27172 1.85287 7.40625
1 9.18172 10.9279 2.27035
1 4.91847 3.7117 5.04609
1 6.31111 5.63777 11.3867
1 10.3383 10.0819 6.19277
1 6.35489 10.3791 9.22902
1 8.58769 3.49144 11.5144
1 3.3625 5.85283 3.34516
1 2.10024 3.87969 1.22478
1 2.29268 8.83507 5.80286
1 1.03929 6.00783 5.35628
1 4.34335 7.50803 7.49588
1 10.3386 2.88758 2.5267
1 9.1864 4.65415 4.58904
1 4.65387 2.27313 2.3126
2 11.4136 11.6172 2.50096
2 2.91506 10.6606 4.68608
2 4.17958 10.345 2.38011
2 1.12696 9.33501 5.94574
2 4.1805 8.92924 11.7486
2 9.80973 10.5367 5.54744
2 10.9761 6.86438 7.54882
2 6.14365 6.34108 2.94183
2 1.51826 2.38996 4.72127
2 8.96356 6.25685 9.02743
2 10.5106 6.00017 2.87987
2 9.92366 7.89181 4.97793
2 6.34991 1.82099 11.0568
2 9.62978 4.95199 12.0445
2 3.83151 4.79485 3.00572
2 6.95789 11.6413 1.75997
2 5.83064 4.57004 5.55871
2 7.87652 4.96531 7.0697
2 8.63021 8.3847 7.52316
2 6.38986 5.31414 8.88371
2 8.54751 7.41034 2.97156
2 7.63509 4.52398 10.2855
2 1.87826 7.84489 10.8078
2 1.58153 2.07978 7.65499
2 10.4168 8.44832 9.63871
2 10.6091 7.29019 11.9954
2 11.2175 9.70948 12.0225
2 9.44617 1.90808 6.89706
2 4.13168 7.60452 2.58432
2 8.17349 5.71616 4.58006
2 3.36711 3.52024 6.37235
2 5.63653 1.82897 6.46104
2 7.65729 3.43999 1.16627
2 2.02658 6.45021 5.84698
2 6.74755 7.23624 6.05753
2 5.20875 11.2983 9.12901
2 3.47911 9.25711 9.31855
2 11.5209 2.88507 1.94766
2 3.70003 1.96897 3.42482
2 6.1252 7.85187 8.31307
2 7.69605 0.977452 5.18444
2 7.41763 6.23963 12.3115
2 3.02238 3.11122 1.14245
2 9.98955 1.97734 4.2379
2 5.50842 3.00757 2.03223
2 1.26884 2.98982 10.5284
2 2.4361 11.7227 9.61018
2 4.38484 6.95009 10.0205
2 10.4322 5.76833 5.16283
2 4.18747 6.25795 7.55637
2 0.859994 4.28476 6.67423
2 6.50618 10.0345 6.77089
2 5.41554 11.0443 4.48819
2 1.14802 4.98034 0.863977
2 7.87708 0.953807 8.95939
2 8.9616 10.1181 1.87773
2 8.86231 3.49626 8.91767
2 3.13739 10.7946 7.3298
2 6.45787 8.79503 1.71601
2 11.0489 9.46934 3.37885
2 7.12852 10.3907 11.0832
2 4.49604 6.38036 4.96492
2 3.60873 8.50578 6.2072
2 10.5654 1.46757 9.19424
1 1.51679 3.40393 12.1159
1 3.62687 10.8309 8.89841
1 5.28091 6.5151 8.73492
1 7.04134 8.49118 7.09936
1 6.61854 11.5379 9.97709
1 4.5776 6.2176 3.36244
1 3.43709 8.17763 10.5259
1 3.97899 3.2634 2.44393
1 2.68036 9.83591 6.0814
1 4.74268 8.92093 1.80234
1 8.02808 4.93626 8.72242
1 7.0805 5.62706 5.79206
1 11.5199 5.86301 6.36652
1 7.4173 10.1426 1.23881
1 1.23274 1.88316 9.28933
1 9.27935 1.16036 5.46452
1 10.7268 9.31742 4.9736
1 11.4106 2.08426 3.41149
1 4.02959 11.2941 3.6888
1 6.59874 2.19771 1.15142
1 10.7744 5.86598 1.27758
1 9.75301 7.54961 8.41256
1 9.49614 6.57416 4.05514
1 1.79888 2.99854 6.27916
1 6.29498 11.3834 5.81161
1 11.2874 8.40476 11.0279
1 10.6193 10.2523 1.98656
1 4.96096 3.29863 6.14305
1 8.0352 4.79224 11.8407
1 3.57189 6.87695 6.18429
1 9.13959 1.92937 8.51707
1 7.18532 7.27268 2.08668
2 4.3569 0.975798 3.31396
2 8.93414 6.9297 4.64018
2 9.25856 2.52681 2.88392
2 4.68505 1.51312 10.252
2 2.95502 2.53431 8.18658
2 2.90797 6.9806 10.9507
2 10.3691 10.0817 4.38565
2 4.45697 6.75896 6.92926
2 11.5887 2.09628 6.38107
2 1.24434 9.08218 11.6727
2 6.62526 0.940848 3.56004
2 11.0623 10.0279 1.8633
2 2.22452 8.48122 6.98139
2 4.31699 1.90574 5.77663
2 9.27324 2.581 11.2566
2 6.73934 5.56104 8.06087
2 4.58166 4.12441 7.23959
2 6.86435 9.86048 2.23069
2 4.82167 3.63753 3.76268
2 9.927 10.9728 6.78788
2 10.9855 8.74599 8.69491
2 2.16019 9.83059 3.62313
2 1.02363 4.1836 7.75211
2 3.16188 8.27619 1.59521
2 8.4783 7.56294 9.33515
2 6.18288 8.95416 11.6605
2 7.57427 2.03359 1.92106
2 6.62676 2.41728 10.8876
2 5.11719 5.36046 11.4045
2 10.3949 7.62618 2.27071
2 6.13393 5.58761 2.63602
2 4.02151 9.85372 10.9565
2 8.1564 9.45915 5.48837
2 10.2568 1.71912 8.81134
2 1.41035 10.8399 8.02227
2 4.74934 9.55177 3.22425
2 3.33533 7.72811 4.47802
2 9.11882 4.06766 9.39672
2 2.48733 1.56034 11.8299
2 8.56181 1.25022 4.82865
2 11.1672 3.2437 1.35866
2 9.05846 4.49467 7.43465
2 5.01121 11.5184 1.23155
2 2.6641 4.34244 11.9245
2 8.99841 9.08236 12.1556
2 7.93547 7.47783 2.376
2 11.0327 3.6077 4.03873
2 6.99363 7.15096 12.018
2 11.5519 1.26424 3.66594
2 7.32628 3.54487 4.07166
2 5.86699 8.13613 9.21375
2 2.64978 8.98633 9.66904
2 9.44437 5.19199 2.51776
2 7.02172 2.75003 8.58861
2 1.00658 3.20297 10.217
2 10.716 6.27186 8.67093
2 7.22617 7.33357 6.92057
2 6.05065 5.41573 5.39656
2 5.41542 1.67326 8.0827
2 3.04815 4.77606 9.58359
2 6.35754 10.7798 9.6973
2 2.52634 2.80062 4.35456
2 7.55858 4.48888 12.1613
2 10.5717 7.69449 11.0109
1 9.23879 6.73013 3.03432
1 9.21027 10.6791 5.3596
1 10.5472 5.11698 7.54047
1 6.18768 1.5891 9.5298
1 4.05694 2.28609 4.22674
1 1.01649 2.4202 4.79121
1 10.5937 8.67791 0.999322
1 6.41699 5.65808 1.00491
1 7.83805 2.06945 3.58661
1 10.1744 2.91677 9.93531
1 7.49026 8.64484 1.27215
1 5.45889 5.4539 6.92429
1 6.10814 4.61793 3.96211
1 7.80053 2.8746 11.9114
1 8.10304 7.86464 5.67843
1 3.32348 8.75818 3.18296
1 2.02194 3.6495 8.92494
1 3.87516 11.5392 11.4201
1 3.51178 5.44654 11.0271
1 1.68714 9.24859 8.34131
1 3.34495 7.64534 6.13149
1 4.31116 2.50458 7.2783
1 7.74776 4.22154 8.43228
1 1.67189 3.02561 11.7791
1 5.575 10.8607 2.63891
1 11.0611 1.04361 7.5461
1 10.1155 7.57627 9.44802
1 11.5319 10.5033 3.33874
1 10.257 3.78676 2.62445
1 7.07685 7.1978 8.56856
1 5.57042 9.42641 10.2239
1 2.80465 8.62584 11.3353
2 11.5217 8.72464 11.3565
2 4.13282 6.21434 5.63609
2 4.0964 3.16186 12.372
2 1.66295 5.70044 4.536
2 8.35502 2.14107 11.2283
2 9.60887 6.55074 9.87664
2 2.5379 6.08185 8.35116
2 4.03099 2.19037 6.40748
2 10.9972 6.50551 7.60633
2 6.53632 5.78073 2.73698
2 7.70069 9.85543 2.67102
2 1.92119 10.7055 10.2577
2 2.18844 3.84656 2.43121
2 4.24616 11.4853 11.2707
2 6.6528 5.73947 5.44917
2 6.0953 7.81894 7.06858
2 9.99331 2.82289 1.92819
2 8.27005 2.4048 3.7905
2 7.42491 3.21739 1.88871
2 8.13344 2.60209 8.61032
2 8.64336 7.72048 7.7522
2 3.86618 1.46457 1.95988
2 4.23169 9.89455 2.1019
2 3.01467 8.44295 11.1355
2 11.6178 10.3518 5.70003
2 5.18661 7.11767 12.2868
2 10.1093 8.97056 2.0217
2 2.10809 7.89143 6.2377
2 6.2675 10.6896 12.0857
2 7.22285 11.3031 9.82413
2 4.61564 7.03915 9.72983
2 8.73216 4.99532 4.0306
2 7.05055 8.76636 9.57876
2 5.46825 9.32768 10.8412
2 1.26757 1.63488 6.67221
2 7.64921 10.0933 7.5863
2 5.81064 2.6649 4.34409
2 3.03729 9.8596 4.57817
2 5.06002 5.54872 7.75297
2 6.50357 1.02942 6.28443
2 3.32928 7.74011 3.79758
2 10.7287 1.54084 4.28128
2 3.11494 1.62427 8.85159
2 6.07361 4.65528 11.8227
2 7.84034 7.61163 4.08724
2 5.88993 2.56581 10.2846
2 9.17475 4.44872 11.5152
2 9.43542 0.888948 6.46042
2 8.00977 10.0706 5.11794
2 8.35545 9.80205 11.6798
2 4.05941 4.45276 10.0068
2 5.60492 9.12648 4.24934
2 7.78087 6.57576 11.9548
2 9.08632 3.36222 6.1144
2 6.53827 3.47616 6.76007
2 8.44366 5.17277 7.89258
2 10.8648 3.52417 4.04951
2 10.3841 6.59616 0.890197
2 2.38007 2.13642 11.4493
2 9.73351 11.4939 1.8793
2 6.11012 0.963217 2.28408
2 1.4784 8.47129 8.82152
2 2.8323 10.7004 6.91547
2 1.38955 1.58836 2.07256
1 1.53258 7.23339 7.73172
1 5.61318 2.37856 5.95321
1 2.66165 2.5381 1.54144
1 6.38226 6.05108 1.1288
1 8.06384 3.67437 7.36318
1 4.11646 9.16036 3.56554
1 1.76189 9.08794 10.3092
1 9.48139 6.41452 8.24535
1 2.7408 6.83382 5.0307
1 8.74699 3.19043 0.926132
1 7.22783 9.12557 4.04542
1 7.92675 11.1352 6.36183
1 4.86274 11.2242 1.34381
1 1.2541 4.37507 3.66385
1 6.76257 2.26667 3.06534
1 4.98654 3.67083 11.1018
1 7.38272 1.97081 9.9338
1 9.27204 3.51527 4.48887
1 4.56859 7.99125 11.0514
1 7.00064 9.96636 10.7514
1 10.9594 0.921282 5.80126
1 8.96872 10.0696 1.68381
1 2.83747 1.37858 7.24488
1 3.99986 5.71801 8.98545
1 5.55403 6.39116 6.45031
1 7.26665 8.55289 7.9649
1 7.46396 6.01284 4.05544
1 11.1199 7.98609 1.25252
1 9.21934 6.0565 11.3882
1 10.7889 1.57024 2.63223
1 2.11271 9.59758 5.91168
1 2.9342 1.03153 10.3729
2 7.94644 9.62817 11.8157
2 1.12349 7.90136 7.61545
2 4.70426 5.06064 8.02205
2 1.73989 8.17781 5.06921
2 6.30146 7.86641 7.94928
2 11.2288 3.49603 5.91095
2 3.69461 8.34807 6.90684
2 9.80612 10.5414 6.74596
2 11.0709 2.53097 10.6885
2 2.44367 2.30716 6.40605
2 7.37033 11.6596 7.82445
2 4.4902 5.93103 5.45141
2 1.12513 7.23746 2.47166
2 5.21027 6.43486 2.89471
2 9.90509 4.92798 11.2149
2 8.97871 1.36855 11.3596
2 4.15415 1.96728 2.84015
2 2.54888 6.77128 12.18
2 11.0033 6.81479 9.68855
2 8.1808 6.62522 9.67753
2 1.21541 4.67538 11.3506
2 2.59187 6.61614 9.03103
2 5.26291 9.59029 12.3142
2 3.64107 5.06145 10.5247
2 6.32213 11.1192 4.1359
2 5.34544 6.85403 9.84699
2 3.3833 8.5594 2.11717
2 9.95028 0.80361 8.95021
2 9.37929 5.51233 5.8845
2 11.8325 5.70699 4.89873
2 9.64234 7.53621 11.6732
2 1.03689 9.2382 0.82969
2 7.55585 6.63298 4.09625
2 1.32445 10.103 6.45597
2 4.83694 3.37582 6.06173
2 11.6436 5.4174 7.55197
2 10.6716 7.72571 3.91903
2 11.3524 1.11865 5.73375
2 3.30737 3.93907 1.00373
2 7.97327 4.03753 4.02898
2 1.28529 2.44269 3.81115
2 8.39805 9.25061 4.30426
2 5.83781 3.71989 2.28192
2 10.9432 11.0606 11.3552
2 4.79465 1.43866 7.87689
2 3.67742 4.53969 3.43771
2 6.03362 8.84668 5.5656
2 9.8887 9.30031 1.87647
2 7.68101 7.44153 1.56598
2 8.11112 2.30765 1.92795
2 4.49234 10.8585 2.7774
2 4.30147 0.975931 5.26198
2 11.1606 3.18987 1.40349
2 6.93098 9.00689 10.2005
2 6.82346 5.14271 6.20764
2 5.93991 11.228 10.0966
2 11.8274 11.6662 1.93641
2 10.7979 10.1907 4.34566
2 9.58368 11.2456 1.54765
2 6.06384 8.74486 3.04132
2 6.32182 1.88422 3.79788
2 5.15921 10.2263 7.7624
2 2.62827 6.93038 3.76646
2 7.03159 11.3423 12.3781
1 6.67142 7.17314 2.82792
1 8.76379 8.48578 0.884179
1 5.8524 11.5231 8.46498
1 4.99295 0.868816 3.79216
1 5.22845 4.90244 6.48411
1 10.9503 5.07468 6.10812
1 5.28971 8.78629 7.0198
1 1.09832 2.38647 5.44841
1 2.10809 8.67307 6.57155
1 11.0473 10.4309 1.11703
1 9.62425 6.39594 10.4998
1 4.20447 3.5124 2.29552
1 11.8369 2.03699 2.35972
1 11.0794 3.8389 11.6644
1 0.980645 7.07509 4.1094
1 11.1531 10.7392 5.83684
1 10.321 1.1048 10.4923
1 4.05792 2.01177 6.50412
1 7.14575 3.06104 2.99907
1 6.42261 10.1904 11.3066
1 2.0247 8.0131 1.35301
1 4.80335 9.39453 2.09573
1 9.86857 9.10193 3.55847
1 4.10519 5.94709 9.25668
1 6.78868 9.58855 4.30867
1 8.95495 11.2608 7.92523
1 3.98091 6.05038 3.91259
1 6.7971 7.53205 9.47946
1 7.97263 5.33494 5.0473
1 2.69628 5.13944 11.8368
1 8.3555 0.970941 1.0201
1 0.974281 6.58862 8.56774
2 11.2282 5.0008 1.07929
2 4.78275 6.95047 12.0445
2 11.4251 4.54763 6.30478
2 11.3434 2.41685 7.60328
2 4.9689 11.5834 10.8867
2 2.45246 7.43751 10.9317
2 3.28964 5.01444 10.6682
2 6.25194 6.68656 6.96343
2 7.50466 1.40295 2.31077
2 4.72622 4.0699 4.99138
2 9.21622 1.10982 11.013
2 3.82127 2.40211 6.87034
2 9.55635 11.3061 4.4607
2 10.6173 4.61491 8.74577
2 3.09944 2.14365 12.0187
2 10.7569 10.4917 11.3287
2 4.67027 11.3289 8.36587
2 8.89186 2.72943 8.92368
2 6.51462 4.15941 6.52606
2 4.37461 2.93262 9.89803
2 7.7806 8.81257 7.42552
2 2.34828 4.121 8.25669
2 5.17211 0.760504 2.90829
2 6.27503 9.55317 9.58252
2 5.53993 2.47174 0.824715
2 7.49687 7.85565 4.82729
2 8.03565 11.1745 8.83809
2 9.11316 3.88517 2.06676
2 7.63352 10.1249 3.36962
2 1.11163 5.26795 3.72533
2 11.6518 7.30492 2.46223
2 11.4134 9.53216 4.19718
2 6.76018 7.85592 2.20572
2 2.79785 11.2647 2.14752
2 0.959707 1.13993 4.51857
2 5.70513 9.22327 6.00542
2 9.19659 4.38653 10.9932
2 11.2472 10.9707 6.55516
2 4.03263 9.6112 3.89077
2 2.11888 11.8259 8.09624
2 1.54107 6.68375 6.19073
2 7.94699 4.23694 4.41965
2 0.900821 8.98461 9.32915
2 3.48467 10.7694 6.16788
2 4.97305 5.10371 8.54356
2 7.79637 5.14386 8.69591
2 3.49739 9.59244 9.95357
2 10.5739 2.40324 12.2334
2 4.79189 9.595 1.42809
2 1.68481 2.58775 2.64655
2 2.07768 3.56677 5.17009
2 5.91374 3.24071 3.43846
2 10.5302 11.3753 9.00642
2 9.20517 9.21414 9.59638
2 10.7394 6.96619 4.7116
2 9.62611 11.2308 1.93415
2 8.6887 1.90626 3.84364
2 2.5743 5.86845 1.4352
2 3.48556 5.21272 6.83485
2 0.847205 0.938766 12.3096
2 10.7087 3.49623 4.1844
2 3.65764 7.91229 5.87358
2 9.29343 8.29719 2.96436
2 2.98445 7.39714 8.41874
1 3.32464 6.28469 11.6927
1 4.89062 10.4354 9.71642
1 1.1078 5.78824 2.15229
1 4.20173 10.5811 2.58611
1 6.43184 5.23772 7.75463
1 7.76028 9.55736 8.87554
1 11.0883 10.9738 4.92689
1 3.00399 6.79901 6.89111
1 6.01666 2.0343 2.33982
1 10.2893 11.8309 12.2217
1 6.83266 8.07988 6.30686
1 5.52555 8.15777 1.20493
1 6.38288 3.99503 4.8778
1 3.70596 4.2882 9.24014
1 9.09487 4.30594 9.34189
1 1.07971 2.74215 4.1621
1 2.12077 1.50342 1.49635
1 11.6103 0.827951 7.82983
1 3.55294 0.833684 7.33629
1 11.8262 3.98099 7.80479
1 10.0175 3.94644 12.3588
1 3.47668 3.76758 6.00592
1 9.11211 1.18034 9.38512
1 7.73221 8.49664 3.35244
1 11.7066 5.74091 5.22548
1 9.15476 3.46217 3.64799
1 4.17053 9.42944 5.51029
1 2.41729 8.39038 9.60698
1 4.53712 2.02685 11.2554
1 10.7881 8.14987 3.57364
1 8.54974 11.4821 3.14063
1 10.7037 9.88038 9.81588
2 10.0484 4.45579 10.9934
2 1.38519 6.51358 10.4133
2 5.04776 7.48734 3.59349
2 9.68218 8.44976 6.10996
2 10.2977 6.37699 1.16566
2 7.77572 4.9909 9.0791
2 2.62354 9.80838 3.98006
2 11.5505 4.25613 2.15494
2 4.715 2.36804 11.0782
2 9.28293 3.1149 9.37697
2 2.3634 7.5949 3.98458
2 2.1097 2.95762 4.18477
2 6.9034 6.07321 2.43712
2 1.8464 11.1551 8.91104
2 7.33631 8.82414 7.14548
2 7.13517 4.22173 4.21237
2 1.93444 6.47006 1.1092
2 1.85387 2.30358 10.8483
2 11.2675 7.85351 7.91163
2 5.10474 8.81171 11.7176
2 2.32257 1.88423 6.67238
2 3.01269 8.06569 2.13217
2 10.629 8.20171 10.4221
2 3.19059 4.04463 1.13397
2 9.29829 6.45617 9.15334
2 8.14453 11.4084 2.87239
2 6.67164 9.73119 9.72342
2 9.98422 4.39086 8.00654
2 4.29942 10.6948 10.295
2 4.25653 10.833 5.93752
2 9.92024 1.23574 11.1124
2 6.83792 10.7553 6.92262
2 10.1754 2.48402 3.72535
2 8.97506 9.12708 8.40599
2 1.62121 10.6507 11.0209
2 6.19759 11.1779 1.03119
2 3.12395 4.33713 9.90243
2 7.40753 2.332 10.847
2 1.08259 1.61667 1.9381
2 7.93171 6.34799 6.89655
2 11.1234 9.08053 3.99336
2 7.66231 7.60744 4.57573
2 3.17462 5.48214 3.30069
2 1.03905 8.60068 1.53902
2 2.90849 8.9853 8.78864
2 3.49183 4.22296 6.43329
2 5.3641 5.70363 7.87519
2 2.93963 6.4578 8.20602
2 6.94094 8.90504 2.43615
2 11.5158 3.76558 6.12518
2 9.62896 10.9071 5.17
2 8.79535 4.23322 2.16722
2 8.87204 2.94645 5.82467
2 3.69911 6.65772 10.9628
2 10.6462 1.76383 7.39819
2 6.80837 3.96095 6.85985
2 6.29823 3.32436 1.83609
2 8.38277 11.3904 8.84164
2 6.2674 1.9689 5.29889
2 2.7205 8.92982 10.9744
2 1.35361 10.3443 6.19981
2 5.995 10.5559 4.0194
2 4.02328 6.60493 5.78548
2 2.78463 8.51853 6.36948
1 8.15081 7.79866 6.15192
1 6.1517 2.16911 11.8915
1 3.93098 5.66163 7.09424
1 2.30795 5.1278 1.9634
1 7.23374 4.45437 2.60076
1 10.6335 9.649 5.46131
1 5.84324 11.0982 5.59859
1 6.94068 5.3219 7.72795
1 2.91025 9.95186 5.57313
1 10.1191 4.76719 1.3798
1 2.80313 5.93112 9.80458
1 11.624 2.82397 3.04009
1 7.29656 3.22682 5.50322
1 8.74811 1.74954 10.0759
1 11.5091 1.2606 11.5803
1 5.68583 10.1447 10.9905
1 3.7239 6.74033 4.19776
1 9.1487 1.26698 4.0281
1 2.76837 10.1974 9.9074
1 3.69859 7.99941 11.8776
1 1.75482 8.79414 3.01791
1 6.78708 10.5435 2.54988
1 10.1429 3.23839 6.84982
1 1.29675 11.5275 7.41871
1 7.54175 10.0213 8.32958
1 3.26247 3.14761 10.9958
1 11.3581 7.4057 11.681
1 2.34565 3.25084 5.78608
1 9.35925 4.79129 9.50846
1 6.65435 7.49328 3.24953
1 2.20662 7.90867 7.76847
1 9.9951 7.94018 8.94587
