# Time-averaged data for fix potential_info
# TimeStep v_apot
2000 -564.823
4000 -553.04
6000 -553.691
8000 -555.764
10000 -547.288
12000 -538.062
14000 -537.535
16000 -537.013
18000 -516.247
20000 -523.063
22000 -528.355
24000 -524.586
26000 -536.26
28000 -543.71
30000 -544.761
32000 -537.439
34000 -540.388
36000 -543.101
38000 -532.159
40000 -535.4
42000 -544.143
44000 -541.413
46000 -536.209
48000 -538.002
50000 -537.229
52000 -542.296
54000 -546.09
56000 -546.941
58000 -549.505
60000 -551.973
62000 -547.212
64000 -551.073
66000 -554.401
68000 -549.491
70000 -550.325
72000 -554.7
74000 -552.529
76000 -554.613
78000 -553.282
80000 -553.041
82000 -551.149
84000 -558.739
86000 -560.523
88000 -560.889
90000 -561.072
92000 -552.769
94000 -551.246
96000 -555.969
98000 -558.751
100000 -558.709
102000 -557.987
104000 -558.435
106000 -561.183
108000 -564.142
110000 -564.805
112000 -560.82
114000 -558.004
116000 -560.909
118000 -563.533
120000 -565.935
122000 -566.397
124000 -566.499
126000 -565.823
128000 -565.039
130000 -565.078
132000 -567.255
134000 -569.295
136000 -572.53
138000 -570.264
140000 -572.915
142000 -571.828
144000 -570.86
146000 -571.55
148000 -570.651
150000 -573.098
152000 -574.292
154000 -574.548
156000 -574.457
158000 -572.153
160000 -573.371
162000 -575.263
164000 -574.641
166000 -578.422
168000 -576.482
170000 -577.348
172000 -577.192
174000 -576.457
176000 -573.755
178000 -577.735
180000 -578.903
182000 -578.911
184000 -577.378
186000 -578.816
188000 -577.602
190000 -577.819
192000 -576.876
194000 -575.288
196000 -576.33
198000 -576.294
200000 -575.475
202000 -575.757
204000 -576.092
206000 -576.39
208000 -578.068
210000 -574.866
212000 -576.794
214000 -577.226
216000 -581.24
218000 -580.294
220000 -577.871
222000 -578.961
224000 -578.098
226000 -576.802
228000 -577.114
230000 -577.21
232000 -579.317
234000 -576.173
236000 -573.923
238000 -578.01
240000 -574.163
242000 -570.973
244000 -571.798
246000 -572.503
248000 -574.604
250000 -576.475
252000 -576.294
254000 -578.412
256000 -579.865
258000 -575.604
260000 -576.365
262000 -578.214
264000 -579.68
266000 -580.755
268000 -580.258
270000 -582.515
272000 -582.777
274000 -583.218
276000 -583.459
278000 -583.286
280000 -583.808
282000 -585.024
284000 -582.968
286000 -582.565
288000 -582.266
290000 -584.879
292000 -584.354
294000 -584.683
296000 -586.607
298000 -586.445
300000 -588.137
302000 -585.568
304000 -587.672
306000 -588.938
308000 -586.82
310000 -585.513
312000 -586.972
314000 -588.331
316000 -589.258
318000 -589.907
320000 -589.716
322000 -589.133
324000 -589.546
326000 -588.64
328000 -590.549
330000 -591.532
332000 -593.467
334000 -592.754
336000 -589.902
338000 -589.639
340000 -589.326
342000 -591.19
344000 -590.546
346000 -591.594
348000 -592.911
350000 -593.733
352000 -595.424
354000 -592.544
356000 -590.996
358000 -590.533
360000 -591.528
362000 -593.69
364000 -592.264
366000 -591.949
368000 -589.957
370000 -591.967
372000 -590.921
374000 -592.042
376000 -592.898
378000 -591.473
380000 -593.134
382000 -592.659
384000 -590.727
386000 -590.231
388000 -590.572
390000 -590.343
392000 -590.427
394000 -590.599
396000 -590.018
398000 -589.867
400000 -590.519
402000 -590.567
404000 -592.718
406000 -594.613
408000 -594.695
410000 -593.25
412000 -593.395
414000 -593.703
416000 -594.174
418000 -595.209
420000 -595.41
422000 -596.925
424000 -597.45
426000 -597.706
428000 -596.105
430000 -596.718
432000 -596.634
434000 -595.298
436000 -597.034
438000 -597.835
440000 -599.131
442000 -599.587
444000 -599.668
446000 -600.156
448000 -600.099
450000 -601.043
452000 -601.207
454000 -602.997
456000 -602.71
458000 -603.209
460000 -602.593
462000 -603.865
464000 -602.975
466000 -602.135
468000 -602.693
470000 -604.239
472000 -602.812
474000 -605.015
476000 -604.903
478000 -605.296
480000 -605.709
482000 -606.398
484000 -606.062
486000 -605.962
488000 -606.39
490000 -606.796
492000 -606.244
494000 -606.661
496000 -606.4
498000 -606.451
500000 -604.729
502000 -604.208
504000 -604.498
506000 -605.191
508000 -605.793
510000 -605.435
512000 -604.786
514000 -606.658
516000 -606.205
518000 -605.961
520000 -606.922
522000 -606.182
524000 -606.514
526000 -606.916
528000 -607.35
530000 -606.213
532000 -606.005
534000 -606.219
536000 -605.536
538000 -603.867
540000 -605.612
542000 -606.911
544000 -605.909
546000 -605.45
548000 -605.305
550000 -605.302
552000 -606.139
554000 -605.891
556000 -605.02
558000 -604.154
560000 -604.721
562000 -604.272
564000 -605.413
566000 -605.365
568000 -606.52
570000 -607.156
572000 -606.46
574000 -607.887
576000 -608.166
578000 -608.451
580000 -608.106
582000 -609.172
584000 -609.046
586000 -610.055
588000 -609.873
590000 -609.436
592000 -609.627
594000 -610.023
596000 -610.578
598000 -610.653
600000 -611.065
602000 -612.027
604000 -612.011
606000 -612.714
608000 -613.247
610000 -612.955
612000 -613.473
614000 -613.654
616000 -614.116
618000 -614.503
620000 -614.94
622000 -615.783
624000 -615.268
626000 -616.056
628000 -616.053
630000 -616.218
632000 -616.498
634000 -616.888
636000 -617.486
638000 -617.739
640000 -618.592
642000 -618.592
644000 -618.853
646000 -618.736
648000 -618.623
650000 -618.701
652000 -618.098
654000 -618.304
656000 -617.997
658000 -618.35
660000 -618.267
662000 -618.481
664000 -618.297
666000 -618.575
668000 -618.605
670000 -618.712
672000 -618.811
674000 -618.351
676000 -618.026
678000 -618.221
680000 -618.535
682000 -618.701
684000 -618.595
686000 -618.955
688000 -618.306
690000 -618.077
692000 -618.189
694000 -618.069
696000 -618.366
698000 -618.528
700000 -618.754
702000 -618.405
704000 -618.088
706000 -618.167
708000 -618.571
710000 -618.501
712000 -618.203
714000 -618.71
716000 -618.74
718000 -618.326
720000 -618.545
722000 -619.026
724000 -619.039
726000 -618.911
728000 -619.201
730000 -619.279
732000 -619.041
734000 -619.524
736000 -619.862
738000 -619.92
740000 -619.745
742000 -619.908
744000 -620.216
746000 -620.289
748000 -620.67
750000 -620.875
752000 -621.217
754000 -621.56
756000 -621.612
758000 -621.294
760000 -621.374
762000 -621.919
764000 -622.24
766000 -622.175
768000 -622.12
770000 -622.209
772000 -622.599
774000 -622.839
776000 -622.944
778000 -623.343
780000 -623.156
782000 -623.681
784000 -623.866
786000 -624.064
788000 -624.104
790000 -624.323
792000 -624.38
794000 -624.318
796000 -624.666
798000 -624.74
800000 -624.919
802000 -625.024
804000 -625.235
806000 -625.103
808000 -625.296
810000 -625.107
812000 -625.287
814000 -625.152
816000 -624.83
818000 -625.138
820000 -625.222
822000 -625.163
824000 -625.135
826000 -625.277
828000 -625.062
830000 -624.894
832000 -624.887
834000 -625.017
836000 -625.131
838000 -625.102
840000 -625.229
842000 -625.263
844000 -625.036
846000 -624.989
848000 -624.997
850000 -624.933
852000 -625.021
854000 -625.069
856000 -625.154
858000 -624.933
860000 -624.94
862000 -624.986
864000 -625.229
866000 -625.201
868000 -625.141
870000 -624.848
872000 -624.901
874000 -625.056
876000 -625.015
878000 -625.193
880000 -625.008
882000 -625.102
884000 -625.225
886000 -625.42
888000 -625.719
890000 -625.918
892000 -625.84
894000 -626.019
896000 -626.145
898000 -626.344
900000 -626.753
902000 -626.815
904000 -626.952
906000 -626.997
908000 -627.171
910000 -627.466
912000 -627.632
914000 -627.714
916000 -627.93
918000 -628.114
920000 -628.179
922000 -628.224
924000 -628.53
926000 -628.657
928000 -628.731
930000 -628.984
932000 -629.165
934000 -629.198
936000 -629.365
938000 -629.572
940000 -629.788
942000 -629.876
944000 -630.039
946000 -630.232
948000 -630.356
950000 -630.473
952000 -630.629
954000 -630.79
956000 -630.945
958000 -631.113
960000 -631.263
962000 -631.339
964000 -631.338
966000 -631.336
968000 -631.338
970000 -631.343
972000 -631.34
974000 -631.341
976000 -631.341
978000 -631.341
980000 -631.34
982000 -631.344
984000 -631.34
986000 -631.34
988000 -631.341
990000 -631.337
992000 -631.339
994000 -631.344
996000 -631.338
998000 -631.338
1000000 -631.34
1002000 -631.338
1004000 -631.343
1006000 -631.341
1008000 -631.337
1010000 -631.337
1012000 -631.337
1014000 -631.337
1016000 -631.339
1018000 -631.343
1020000 -631.339
1022000 -631.343
1024000 -631.337
1026000 -631.335
1028000 -631.341
1030000 -631.337
1032000 -631.339
1034000 -631.34
1036000 -631.337
1038000 -631.342
1040000 -631.336
