# Time-averaged data for fix 22coord
# TimeStep c_sumcoor22
2000 0.0263542
4000 0.0365625
6000 0.0428125
8000 0.0577083
10000 0.046875
12000 0.0602083
14000 0.0534375
16000 0.0519792
18000 0.0620833
20000 0.0447917
22000 0.05125
24000 0.0734375
26000 0.0608333
28000 0.0625
30000 0.0648958
32000 0.0698958
34000 0.0805208
36000 0.0630208
38000 0.0595833
40000 0.0755208
42000 0.0451042
44000 0.0608333
46000 0.0669792
48000 0.071875
50000 0.06625
52000 0.0613542
54000 0.0457292
56000 0.0395833
58000 0.0433333
60000 0.063125
62000 0.0551042
64000 0.0469792
66000 0.0476042
68000 0.0530208
70000 0.0614583
72000 0.0594792
74000 0.0522917
76000 0.0426042
78000 0.0388542
80000 0.0342708
82000 0.0335417
84000 0.0265625
86000 0.03
88000 0.0284375
90000 0.0329167
92000 0.0311458
94000 0.0332292
96000 0.0366667
98000 0.0628125
100000 0.0608333
102000 0.0464583
104000 0.0471875
106000 0.0359375
108000 0.0370833
110000 0.03875
112000 0.0361458
114000 0.04
116000 0.0414583
118000 0.0470833
120000 0.0488542
122000 0.0415625
124000 0.0357292
126000 0.0297917
128000 0.0314583
130000 0.0333333
132000 0.0369792
134000 0.0369792
136000 0.0305208
138000 0.0311458
140000 0.0291667
142000 0.0272917
144000 0.0322917
146000 0.0333333
148000 0.0326042
150000 0.0334375
152000 0.0363542
154000 0.0323958
156000 0.0361458
158000 0.039375
160000 0.0367708
162000 0.0389583
164000 0.0389583
166000 0.0378125
168000 0.0361458
170000 0.035
172000 0.0371875
174000 0.0316667
176000 0.0317708
178000 0.0341667
180000 0.0385417
182000 0.0338542
184000 0.0359375
186000 0.033125
188000 0.0296875
190000 0.0302083
192000 0.031875
194000 0.02875
196000 0.03375
198000 0.0305208
200000 0.0377083
202000 0.0361458
204000 0.0422917
206000 0.0384375
208000 0.0316667
210000 0.0372917
212000 0.0372917
214000 0.0384375
216000 0.0360417
218000 0.0344792
220000 0.0442708
222000 0.0478125
224000 0.0425
226000 0.0367708
228000 0.0322917
230000 0.0390625
232000 0.0302083
234000 0.0273958
236000 0.0278125
238000 0.03
240000 0.0275
242000 0.0307292
244000 0.0270833
246000 0.0358333
248000 0.0329167
250000 0.0340625
252000 0.0394792
254000 0.03375
256000 0.0384375
258000 0.0339583
260000 0.0376042
262000 0.039375
264000 0.0340625
266000 0.0317708
268000 0.0273958
270000 0.0278125
272000 0.0277083
274000 0.0286458
276000 0.0273958
278000 0.0267708
280000 0.0253125
282000 0.0308333
284000 0.0314583
286000 0.0301042
288000 0.0298958
290000 0.0285417
292000 0.0251042
294000 0.025625
296000 0.0289583
298000 0.0292708
300000 0.0253125
302000 0.020625
304000 0.01875
306000 0.0170833
308000 0.0179167
310000 0.0210417
312000 0.0195833
314000 0.0194792
316000 0.0178125
318000 0.0215625
320000 0.020625
322000 0.0197917
324000 0.0232292
326000 0.01875
328000 0.0202083
330000 0.0215625
332000 0.0194792
334000 0.0197917
336000 0.0226042
338000 0.0203125
340000 0.019375
342000 0.020625
344000 0.0195833
346000 0.0235417
348000 0.0229167
350000 0.019375
352000 0.0204167
354000 0.0214583
356000 0.0209375
358000 0.0227083
360000 0.0225
362000 0.019375
364000 0.0197917
366000 0.0184375
368000 0.0171875
370000 0.0176042
372000 0.0191667
374000 0.019375
376000 0.0208333
378000 0.023125
380000 0.0227083
382000 0.024375
384000 0.02375
386000 0.0182292
388000 0.021875
390000 0.01875
392000 0.0211458
394000 0.0209375
396000 0.0216667
398000 0.0203125
400000 0.0241667
402000 0.0244792
404000 0.0225
406000 0.0258333
408000 0.0209375
410000 0.0209375
412000 0.0226042
414000 0.0221875
416000 0.0219792
418000 0.0202083
420000 0.0221875
422000 0.0196875
424000 0.0209375
426000 0.0215625
428000 0.024375
430000 0.0223958
432000 0.0186458
434000 0.0189583
436000 0.0208333
438000 0.0196875
440000 0.01875
442000 0.0191667
444000 0.0171875
446000 0.0169792
448000 0.015
450000 0.0175
452000 0.018125
454000 0.0164583
456000 0.0138542
458000 0.0160417
460000 0.0141667
462000 0.0136458
464000 0.0175
466000 0.0178125
468000 0.01625
470000 0.0163542
472000 0.0186458
474000 0.0169792
476000 0.0175
478000 0.0161458
480000 0.0183333
482000 0.0161458
484000 0.0165625
486000 0.0166667
488000 0.0161458
490000 0.014375
492000 0.0133333
494000 0.0142708
496000 0.0153125
498000 0.0136458
500000 0.0152083
502000 0.0140625
504000 0.01375
506000 0.0132292
508000 0.0161458
510000 0.0123958
512000 0.0128125
514000 0.0108333
516000 0.0128125
518000 0.0133333
520000 0.0157292
522000 0.0140625
524000 0.0135417
526000 0.0130208
528000 0.0146875
530000 0.015
532000 0.0123958
534000 0.0117708
536000 0.014375
538000 0.0146875
540000 0.0111458
542000 0.0113542
544000 0.0132292
546000 0.0134375
548000 0.015625
550000 0.0147917
552000 0.016875
554000 0.0171875
556000 0.0145833
558000 0.0123958
560000 0.0140625
562000 0.0125
564000 0.0128125
566000 0.0136458
568000 0.0177083
570000 0.0188542
572000 0.0205208
574000 0.013125
576000 0.0139583
578000 0.0128125
580000 0.01375
582000 0.0127083
584000 0.014375
586000 0.013125
588000 0.0148958
590000 0.0127083
592000 0.0129167
594000 0.0129167
596000 0.0135417
598000 0.0119792
600000 0.011875
602000 0.01375
604000 0.0113542
606000 0.0123958
608000 0.0109375
610000 0.009375
612000 0.00979167
614000 0.0114583
616000 0.0109375
618000 0.0109375
620000 0.00875
622000 0.0104167
624000 0.0119792
626000 0.0109375
628000 0.00927083
630000 0.00927083
632000 0.0084375
634000 0.0116667
636000 0.00947917
638000 0.00927083
640000 0.008125
642000 0.010625
644000 0.00989583
646000 0.00927083
648000 0.0104167
650000 0.00947917
652000 0.009375
654000 0.0084375
656000 0.00927083
658000 0.00979167
660000 0.009375
662000 0.0104167
664000 0.00895833
666000 0.01
668000 0.00895833
670000 0.0101042
672000 0.00864583
674000 0.009375
676000 0.009375
678000 0.009375
680000 0.0096875
682000 0.01
684000 0.00947917
686000 0.00875
688000 0.0096875
690000 0.00895833
692000 0.0096875
694000 0.00833333
696000 0.0105208
698000 0.0103125
700000 0.009375
702000 0.00927083
704000 0.00916667
706000 0.0104167
708000 0.00947917
710000 0.0096875
712000 0.009375
714000 0.00927083
716000 0.00958333
718000 0.0096875
720000 0.0102083
722000 0.0108333
724000 0.00927083
726000 0.00833333
728000 0.00854167
730000 0.0115625
732000 0.0096875
734000 0.00927083
736000 0.009375
738000 0.00916667
740000 0.0109375
742000 0.00760417
744000 0.00760417
746000 0.01
748000 0.00854167
750000 0.00958333
752000 0.00760417
754000 0.0102083
756000 0.00979167
758000 0.008125
760000 0.00927083
762000 0.00864583
764000 0.00979167
766000 0.00864583
768000 0.00895833
770000 0.008125
772000 0.00875
774000 0.00927083
776000 0.00875
778000 0.00833333
780000 0.00864583
782000 0.00791667
784000 0.006875
786000 0.00833333
788000 0.0078125
790000 0.00864583
792000 0.00770833
794000 0.00895833
796000 0.00697917
798000 0.00875
800000 0.0078125
802000 0.0071875
804000 0.008125
806000 0.0105208
808000 0.00677083
810000 0.008125
812000 0.00708333
814000 0.00875
816000 0.00895833
818000 0.00760417
820000 0.00875
822000 0.00895833
824000 0.00979167
826000 0.008125
828000 0.00864583
830000 0.0096875
832000 0.00916667
834000 0.00822917
836000 0.00770833
838000 0.0090625
840000 0.00916667
842000 0.00947917
844000 0.00770833
846000 0.00875
848000 0.00739583
850000 0.00895833
852000 0.00770833
854000 0.00916667
856000 0.006875
858000 0.00864583
860000 0.00854167
862000 0.00822917
864000 0.00916667
866000 0.00885417
868000 0.00802083
870000 0.00677083
872000 0.0075
874000 0.00697917
876000 0.00895833
878000 0.00791667
880000 0.00770833
882000 0.00854167
884000 0.00802083
886000 0.00875
888000 0.00864583
890000 0.0065625
892000 0.00895833
894000 0.0108333
896000 0.00864583
898000 0.00791667
900000 0.00885417
902000 0.00875
904000 0.00822917
906000 0.00854167
908000 0.009375
910000 0.0084375
912000 0.00895833
914000 0.00958333
916000 0.00833333
918000 0.00854167
920000 0.00885417
922000 0.00927083
924000 0.00770833
926000 0.00791667
928000 0.01
930000 0.00864583
932000 0.00760417
934000 0.00802083
936000 0.00833333
938000 0.00875
940000 0.0103125
942000 0.00864583
944000 0.010625
946000 0.0116667
948000 0.0109375
950000 0.01125
952000 0.0104167
954000 0.0110417
956000 0.0119792
958000 0.0155208
960000 0.020625
962000 0.0213542
964000 0.019375
966000 0.019375
968000 0.0182292
970000 0.0204167
972000 0.0164583
974000 0.0173958
976000 0.0210417
978000 0.0210417
980000 0.0194792
982000 0.0185417
984000 0.0207292
986000 0.02125
988000 0.0210417
990000 0.024375
992000 0.0195833
994000 0.0205208
996000 0.0205208
998000 0.0170833
1000000 0.0173958
1002000 0.0240625
1004000 0.0201042
1006000 0.0232292
1008000 0.0230208
1010000 0.0192708
1012000 0.0194792
1014000 0.0182292
1016000 0.0236458
1018000 0.0203125
1020000 0.0220833
1022000 0.0192708
1024000 0.0219792
1026000 0.0169792
1028000 0.018125
1030000 0.0165625
1032000 0.02125
1034000 0.0173958
1036000 0.0153125
1038000 0.0180208
1040000 0.0175
