# Time-averaged data for fix potential_info
# TimeStep v_apot
2000 -564.308
4000 -547.239
6000 -530.942
8000 -517.636
10000 -533.513
12000 -539.129
14000 -529.081
16000 -529.385
18000 -533.474
20000 -528.344
22000 -533.622
24000 -534.995
26000 -534.751
28000 -539.578
30000 -545.144
32000 -539.889
34000 -542.145
36000 -546.402
38000 -548.092
40000 -548.886
42000 -550.832
44000 -549.085
46000 -546.6
48000 -544.719
50000 -552.494
52000 -561.133
54000 -554.719
56000 -554.393
58000 -549.808
60000 -549.813
62000 -552.576
64000 -552.938
66000 -556.2
68000 -554.581
70000 -549.065
72000 -551.813
74000 -551.673
76000 -550.014
78000 -549.854
80000 -556.775
82000 -555.663
84000 -556.787
86000 -559.615
88000 -557.174
90000 -559.524
92000 -558.61
94000 -559.783
96000 -556.389
98000 -548.239
100000 -556.499
102000 -560.396
104000 -563.567
106000 -562.417
108000 -561.117
110000 -566.131
112000 -562.207
114000 -564.017
116000 -565.145
118000 -563.32
120000 -562.084
122000 -564.958
124000 -566.969
126000 -564.055
128000 -559.416
130000 -566.849
132000 -565.353
134000 -566.238
136000 -564.411
138000 -563.066
140000 -568.268
142000 -568.599
144000 -572.501
146000 -571.241
148000 -571.574
150000 -571.078
152000 -573.733
154000 -574.644
156000 -571.407
158000 -570.703
160000 -574.499
162000 -573.965
164000 -574.597
166000 -572.968
168000 -570.901
170000 -572.642
172000 -570.397
174000 -573.196
176000 -574.467
178000 -573.608
180000 -570.384
182000 -573.772
184000 -570.932
186000 -571.283
188000 -573.755
190000 -576.046
192000 -573.874
194000 -573.919
196000 -570.446
198000 -569.708
200000 -574.274
202000 -573.628
204000 -570.191
206000 -569.424
208000 -568.07
210000 -565.171
212000 -568.053
214000 -572.606
216000 -569.914
218000 -569.19
220000 -572.894
222000 -572.295
224000 -572.577
226000 -572.265
228000 -572.284
230000 -571.062
232000 -572.106
234000 -567.984
236000 -572.352
238000 -569.925
240000 -572.313
242000 -572.495
244000 -574.043
246000 -573.807
248000 -573.465
250000 -573.444
252000 -575.865
254000 -577.415
256000 -581.14
258000 -578.27
260000 -573.357
262000 -576.479
264000 -577.132
266000 -577.269
268000 -578.216
270000 -578.314
272000 -579.541
274000 -582.452
276000 -580.263
278000 -582.083
280000 -581.871
282000 -581.146
284000 -583.079
286000 -583.496
288000 -582.344
290000 -582.057
292000 -583.791
294000 -583.161
296000 -585.712
298000 -585.907
300000 -585.105
302000 -585.738
304000 -586.882
306000 -587.174
308000 -585.874
310000 -585.673
312000 -585.637
314000 -587.894
316000 -587.452
318000 -589.082
320000 -588.845
322000 -588.363
324000 -589.691
326000 -589.666
328000 -590.385
330000 -588.92
332000 -587.949
334000 -588.08
336000 -588.469
338000 -588.753
340000 -588.749
342000 -588.836
344000 -588.933
346000 -587.798
348000 -589.113
350000 -588.779
352000 -590.027
354000 -589.49
356000 -589.099
358000 -587.843
360000 -587.401
362000 -588.553
364000 -588.695
366000 -583.735
368000 -586.315
370000 -585.499
372000 -585.362
374000 -586.808
376000 -590.242
378000 -590.211
380000 -592.127
382000 -589.901
384000 -587.796
386000 -588.967
388000 -589.486
390000 -588.837
392000 -587.854
394000 -587.789
396000 -588.495
398000 -588.364
400000 -588.542
402000 -588.731
404000 -589.645
406000 -589.484
408000 -590.163
410000 -592.683
412000 -594.047
414000 -593.347
416000 -593.247
418000 -594.668
420000 -594.771
422000 -594.41
424000 -592.963
426000 -592.662
428000 -594.592
430000 -594.912
432000 -596.104
434000 -595.879
436000 -596.425
438000 -597.025
440000 -597.624
442000 -596.929
444000 -596.948
446000 -598.125
448000 -598.358
450000 -598.324
452000 -598.377
454000 -599.838
456000 -599.895
458000 -600.642
460000 -600.829
462000 -601.841
464000 -601.663
466000 -601.98
468000 -602.936
470000 -602.698
472000 -602.327
474000 -603.214
476000 -603.934
478000 -605.002
480000 -604.564
482000 -604.62
484000 -604.197
486000 -604.546
488000 -603.337
490000 -603.112
492000 -604.528
494000 -604.364
496000 -603.472
498000 -603.436
500000 -603.365
502000 -603.464
504000 -602.922
506000 -604.274
508000 -603.693
510000 -604.431
512000 -603.956
514000 -604.633
516000 -604.482
518000 -603.829
520000 -603.688
522000 -602.839
524000 -602.976
526000 -603.675
528000 -603.149
530000 -603.017
532000 -603.7
534000 -604.218
536000 -604.281
538000 -605.116
540000 -604.572
542000 -605.125
544000 -603.857
546000 -604.796
548000 -605.134
550000 -604.94
552000 -604.911
554000 -604
556000 -604.961
558000 -604.213
560000 -604.619
562000 -605.04
564000 -605.556
566000 -606.504
568000 -606.187
570000 -606.351
572000 -605.578
574000 -606.701
576000 -607.017
578000 -606.727
580000 -606.928
582000 -607.524
584000 -607.971
586000 -608.573
588000 -608.924
590000 -609.288
592000 -609.594
594000 -610.669
596000 -610.253
598000 -610.642
600000 -611.133
602000 -611.136
604000 -612.551
606000 -612.599
608000 -612.288
610000 -612.604
612000 -613.72
614000 -613.738
616000 -614.171
618000 -614.069
620000 -614.531
622000 -615.237
624000 -615.246
626000 -615.418
628000 -616.191
630000 -616.469
632000 -616.276
634000 -616.778
636000 -617.369
638000 -617.742
640000 -618.516
642000 -618.462
644000 -618.177
646000 -618.526
648000 -618.582
650000 -618.625
652000 -618.376
654000 -618.081
656000 -617.941
658000 -618.156
660000 -618.781
662000 -618.435
664000 -618.554
666000 -618.762
668000 -618.278
670000 -618.492
672000 -618.466
674000 -618.044
676000 -618.639
678000 -618.119
680000 -618.591
682000 -618.669
684000 -618.337
686000 -618.483
688000 -618.033
690000 -618.576
692000 -618.161
694000 -618.325
696000 -618.757
698000 -618.536
700000 -618.644
702000 -618.067
704000 -618.606
706000 -618.17
708000 -618.328
710000 -618.025
712000 -618.185
714000 -618.224
716000 -618.179
718000 -618.396
720000 -617.966
722000 -618.114
724000 -618.84
726000 -618.5
728000 -619.074
730000 -618.771
732000 -619.066
734000 -619.25
736000 -619.368
738000 -619.46
740000 -619.797
742000 -620.224
744000 -619.921
746000 -620.116
748000 -620.382
750000 -620.506
752000 -620.791
754000 -621.397
756000 -621.106
758000 -621.287
760000 -621.677
762000 -621.845
764000 -621.731
766000 -622.165
768000 -622.592
770000 -622.404
772000 -622.546
774000 -622.957
776000 -622.716
778000 -622.918
780000 -623.12
782000 -623.448
784000 -623.614
786000 -623.531
788000 -623.762
790000 -623.967
792000 -624.338
794000 -624.516
796000 -624.452
798000 -624.623
800000 -624.789
802000 -624.91
804000 -625.03
806000 -624.96
808000 -624.912
810000 -625.272
812000 -625.173
814000 -625.256
816000 -625.068
818000 -625.125
820000 -624.895
822000 -625.131
824000 -625.101
826000 -625.02
828000 -625.262
830000 -625.239
832000 -625.043
834000 -624.946
836000 -625.247
838000 -624.938
840000 -624.92
842000 -625.031
844000 -625.27
846000 -625.208
848000 -624.828
850000 -624.847
852000 -624.911
854000 -624.981
856000 -625.013
858000 -625.112
860000 -624.951
862000 -625.196
864000 -625.098
866000 -625.096
868000 -625.169
870000 -624.974
872000 -624.957
874000 -624.847
876000 -625.059
878000 -625.002
880000 -625.013
882000 -625.138
884000 -625.119
886000 -625.302
888000 -625.789
890000 -625.914
892000 -625.996
894000 -625.953
896000 -626.171
898000 -626.438
900000 -626.711
902000 -626.639
904000 -627.031
906000 -627.038
908000 -627.348
910000 -627.333
912000 -627.466
914000 -627.699
916000 -627.947
918000 -627.979
920000 -628.164
922000 -628.342
924000 -628.504
926000 -628.613
928000 -628.868
930000 -629.063
932000 -629.237
934000 -629.333
936000 -629.445
938000 -629.543
940000 -629.723
942000 -629.913
944000 -630.024
946000 -630.224
948000 -630.424
950000 -630.545
952000 -630.707
954000 -630.84
956000 -630.992
958000 -631.152
960000 -631.304
962000 -631.378
964000 -631.376
966000 -631.38
968000 -631.376
970000 -631.373
972000 -631.375
974000 -631.378
976000 -631.379
978000 -631.381
980000 -631.379
982000 -631.381
984000 -631.378
986000 -631.376
988000 -631.379
990000 -631.38
992000 -631.376
994000 -631.38
996000 -631.374
998000 -631.381
1000000 -631.376
1002000 -631.376
1004000 -631.373
1006000 -631.38
1008000 -631.374
1010000 -631.376
1012000 -631.374
1014000 -631.379
1016000 -631.377
1018000 -631.375
1020000 -631.373
1022000 -631.378
1024000 -631.376
1026000 -631.373
1028000 -631.375
1030000 -631.382
1032000 -631.377
1034000 -631.375
1036000 -631.379
1038000 -631.374
1040000 -631.374
