# Time-averaged data for fix potential_info
# TimeStep v_apot
2000 -562.278
4000 -545.999
6000 -535.288
8000 -524.673
10000 -531.939
12000 -532.609
14000 -538.148
16000 -543.983
18000 -544.014
20000 -533.605
22000 -536.546
24000 -536.864
26000 -539.011
28000 -536.312
30000 -535.692
32000 -536.826
34000 -548.765
36000 -546.695
38000 -543.794
40000 -546.809
42000 -539.572
44000 -538.258
46000 -539.536
48000 -545.8
50000 -544.936
52000 -551.544
54000 -549.689
56000 -554.012
58000 -554.888
60000 -552.66
62000 -550.138
64000 -554.622
66000 -555.916
68000 -549.191
70000 -551
72000 -553.639
74000 -550.309
76000 -552.812
78000 -556.245
80000 -559.116
82000 -558.673
84000 -557.892
86000 -556.995
88000 -560.725
90000 -558.821
92000 -558.87
94000 -556.088
96000 -555.866
98000 -559.345
100000 -562.839
102000 -564.031
104000 -558.389
106000 -563.076
108000 -561.52
110000 -558.022
112000 -563.534
114000 -562.113
116000 -562.826
118000 -566.315
120000 -566.027
122000 -566.221
124000 -567.465
126000 -569.384
128000 -565.479
130000 -570.149
132000 -567.12
134000 -569.796
136000 -568.971
138000 -571.741
140000 -575.134
142000 -571.866
144000 -570.815
146000 -571.527
148000 -570.677
150000 -573.768
152000 -574.77
154000 -570.131
156000 -570.565
158000 -572.676
160000 -571.676
162000 -568.454
164000 -568.496
166000 -573.428
168000 -573.144
170000 -574.592
172000 -572.013
174000 -573.718
176000 -577.049
178000 -574.524
180000 -575.899
182000 -574.928
184000 -575.017
186000 -577.054
188000 -574.969
190000 -577.161
192000 -576.478
194000 -575.85
196000 -574.676
198000 -578.659
200000 -577.039
202000 -577.685
204000 -578.144
206000 -579.599
208000 -578.406
210000 -579.017
212000 -577.732
214000 -577.378
216000 -577.138
218000 -576.821
220000 -576.649
222000 -578.806
224000 -576.309
226000 -573.576
228000 -574.871
230000 -577.257
232000 -577.839
234000 -579.351
236000 -579.951
238000 -577.366
240000 -579.297
242000 -575.374
244000 -575.92
246000 -571.838
248000 -575.712
250000 -574.697
252000 -576.191
254000 -575.436
256000 -576.202
258000 -574.55
260000 -575.149
262000 -574.794
264000 -577.258
266000 -574.373
268000 -575.23
270000 -576.733
272000 -578.961
274000 -579.607
276000 -577.641
278000 -579.187
280000 -580.505
282000 -577.593
284000 -580.379
286000 -582.301
288000 -582.641
290000 -580.414
292000 -581.276
294000 -582.259
296000 -581.599
298000 -581.494
300000 -584.746
302000 -584.194
304000 -585.008
306000 -585.247
308000 -586.543
310000 -587.3
312000 -588.413
314000 -589.853
316000 -588.372
318000 -590.997
320000 -587.12
322000 -587.967
324000 -589.872
326000 -591.082
328000 -591.337
330000 -593.169
332000 -592.455
334000 -592.271
336000 -591.314
338000 -590.719
340000 -589.488
342000 -589.776
344000 -589.265
346000 -590.364
348000 -587.816
350000 -586.893
352000 -586.917
354000 -588.455
356000 -587.999
358000 -587.226
360000 -588.043
362000 -589.593
364000 -590.232
366000 -590.736
368000 -590.781
370000 -588.727
372000 -589.864
374000 -589.188
376000 -589.69
378000 -589.569
380000 -589.976
382000 -590.529
384000 -590.075
386000 -590.459
388000 -589.166
390000 -590.081
392000 -590.664
394000 -588.611
396000 -589.174
398000 -589.236
400000 -589.024
402000 -591.103
404000 -591.918
406000 -591.42
408000 -591.077
410000 -590.337
412000 -593.122
414000 -591.304
416000 -591.813
418000 -592.568
420000 -595.526
422000 -595.368
424000 -596.386
426000 -595.743
428000 -594.951
430000 -594.266
432000 -595.91
434000 -593.654
436000 -595.778
438000 -595.536
440000 -596.48
442000 -596.119
444000 -596.927
446000 -597.175
448000 -596.754
450000 -597.628
452000 -598.696
454000 -599.832
456000 -599.2
458000 -600.122
460000 -601.105
462000 -599.859
464000 -601.293
466000 -600.357
468000 -602.233
470000 -600.226
472000 -601.779
474000 -602.439
476000 -603.215
478000 -602.684
480000 -603.845
482000 -603.928
484000 -604.32
486000 -604.722
488000 -604.55
490000 -603.311
492000 -603.926
494000 -604.403
496000 -603.276
498000 -602.672
500000 -603.538
502000 -604.434
504000 -603.411
506000 -604.141
508000 -603.325
510000 -602.989
512000 -603.11
514000 -603.748
516000 -604.524
518000 -604.008
520000 -604.584
522000 -603.922
524000 -603.616
526000 -604.169
528000 -603.102
530000 -603.945
532000 -603.871
534000 -604.548
536000 -603.998
538000 -603.926
540000 -603.573
542000 -604.017
544000 -603.383
546000 -604.664
548000 -603.718
550000 -604.519
552000 -603.881
554000 -603.813
556000 -604.407
558000 -604.07
560000 -604.579
562000 -604.566
564000 -605.561
566000 -604.498
568000 -605.209
570000 -605.515
572000 -606.604
574000 -605.649
576000 -607.014
578000 -607.521
580000 -607.209
582000 -607.678
584000 -607.907
586000 -608.462
588000 -608.099
590000 -608.964
592000 -609.363
594000 -609.456
596000 -610.186
598000 -609.783
600000 -610.374
602000 -610.6
604000 -610.756
606000 -611.142
608000 -611.435
610000 -612.064
612000 -613.069
614000 -613.131
616000 -613.299
618000 -613.763
620000 -614.072
622000 -614.343
624000 -614.439
626000 -615.02
628000 -615.207
630000 -614.91
632000 -615.561
634000 -616.053
636000 -616.777
638000 -616.685
640000 -617.277
642000 -617.514
644000 -617.227
646000 -616.95
648000 -617.035
650000 -617.116
652000 -617.428
654000 -617.051
656000 -616.814
658000 -617.149
660000 -617.028
662000 -617.396
664000 -617.117
666000 -617.173
668000 -617.647
670000 -617.567
672000 -617.594
674000 -617.119
676000 -617.547
678000 -617.523
680000 -617.459
682000 -617.482
684000 -617.423
686000 -616.872
688000 -617.635
690000 -617.197
692000 -617.026
694000 -617.165
696000 -617.704
698000 -617.649
700000 -617.615
702000 -617.248
704000 -617.014
706000 -617.206
708000 -617.487
710000 -617.759
712000 -617.136
714000 -617.055
716000 -617.16
718000 -617.316
720000 -617.235
722000 -617.003
724000 -617.392
726000 -617.51
728000 -617.716
730000 -618.361
732000 -618.295
734000 -618.156
736000 -618.487
738000 -618.466
740000 -619.007
742000 -619.393
744000 -619.365
746000 -619.691
748000 -619.308
750000 -619.277
752000 -620.133
754000 -619.835
756000 -620.026
758000 -620.158
760000 -620.472
762000 -620.541
764000 -620.987
766000 -621.303
768000 -621.012
770000 -621.3
772000 -621.861
774000 -621.796
776000 -621.742
778000 -621.93
780000 -622.256
782000 -622.543
784000 -622.456
786000 -622.919
788000 -622.682
790000 -622.912
792000 -623.16
794000 -623.582
796000 -623.686
798000 -623.878
800000 -623.877
802000 -623.988
804000 -623.859
806000 -623.934
808000 -624.017
810000 -624.177
812000 -623.881
814000 -623.88
816000 -623.793
818000 -624.163
820000 -624.154
822000 -623.996
824000 -623.824
826000 -623.938
828000 -623.896
830000 -623.914
832000 -624.197
834000 -624.03
836000 -624.186
838000 -624.075
840000 -624.026
842000 -624.125
844000 -623.683
846000 -624.043
848000 -623.934
850000 -624.125
852000 -624.013
854000 -624.013
856000 -624.189
858000 -624.12
860000 -624.089
862000 -623.923
864000 -624.159
866000 -624.203
868000 -624.099
870000 -624.089
872000 -623.806
874000 -623.795
876000 -623.823
878000 -624.184
880000 -624.114
882000 -624.234
884000 -624.098
886000 -624.234
888000 -624.531
890000 -624.775
892000 -624.978
894000 -624.92
896000 -625.096
898000 -625.298
900000 -625.622
902000 -625.693
904000 -625.814
906000 -626.016
908000 -626.292
910000 -626.404
912000 -626.427
914000 -626.533
916000 -626.694
918000 -626.813
920000 -627.071
922000 -627.319
924000 -627.355
926000 -627.51
928000 -627.731
930000 -627.811
932000 -628.023
934000 -628.253
936000 -628.392
938000 -628.516
940000 -628.623
942000 -628.808
944000 -628.943
946000 -629.105
948000 -629.244
950000 -629.413
952000 -629.573
954000 -629.72
956000 -629.873
958000 -630.036
960000 -630.183
962000 -630.265
964000 -630.26
966000 -630.262
968000 -630.261
970000 -630.261
972000 -630.262
974000 -630.26
976000 -630.262
978000 -630.261
980000 -630.261
982000 -630.258
984000 -630.258
986000 -630.264
988000 -630.262
990000 -630.259
992000 -630.264
994000 -630.261
996000 -630.263
998000 -630.268
1000000 -630.259
1002000 -630.26
1004000 -630.267
1006000 -630.266
1008000 -630.26
1010000 -630.262
1012000 -630.263
1014000 -630.261
1016000 -630.265
1018000 -630.262
1020000 -630.259
1022000 -630.259
1024000 -630.267
1026000 -630.265
1028000 -630.258
1030000 -630.263
1032000 -630.267
1034000 -630.26
1036000 -630.262
1038000 -630.265
1040000 -630.262
